61
83
145
190
199
205
213
224
265
338
381
420
528
546
548
592
599
613
628
643
661
682
700
713
766
787
812
885
886
896
907
925
945
967
989
1000
1009
1039
1059
1079
1127
1148
1149
1153
1155
1168
1180
1189
1215
1221
1223
1279
1319
1323
1332
1400
1403
1406
1476
1479
1505
1518
1543
1557
1571
1576
1579
1582
1620
1640
1653
1708
1745
1772
1777
1779
1810
1816
1819
1858
1907
1911
1928
1934
1939
1994
2001
2002
2021
2088
2102
2104
2112
2114
2122
2138
2144
2154
2172
2200
2227
2233
2234
2272
2283
2337
2356
2379
2384
2408
2409
2483
2523
2545
2609
2624
2637
2646
2650
2656
2707
2844
2870
2959
2967
2974
2989
2996
3024
3052
3082
3105
3156
3162
3174
3265
3271
3376
3397
3452
3456
3458
3498
3526
3528
3606
3607
3650
3731
3744
3748
3764
3765
3770
3812
3821
3835
3888
3894
3908
3911
3913
3923
3955
3986
3998
4031
4032
4074
4087
4105
4252
4281
4311
4327
4328
4386
4486
4548
4568
4576
4619
4701
4789
4853
4857
4873
4909
4911
4915
4917
4922
4930
4943
4953
4998
