24
35
36
125
133
174
279
290
300
314
375
395
399
402
405
417
418
428
446
453
467
468
470
478
489
510
514
551
557
588
596
598
616
664
721
746
757
765
777
784
797
806
827
875
878
893
926
927
940
987
1033
1051
1085
1088
1089
1110
1118
1161
1265
1271
1277
1300
1304
1326
1344
1349
1384
1386
1482
1484
1519
1553
1586
1646
1685
1695
1697
1713
1744
1773
1787
1877
1878
1901
1936
1949
1953
1974
2074
2077
2087
2090
2103
2142
2148
2159
2177
2180
2204
2266
2291
2294
2327
2345
2363
2381
2418
2422
2423
2467
2496
2533
2577
2580
2643
2649
2682
2706
2713
2725
2775
2790
2794
2817
2824
2850
2878
2883
2950
2954
2976
2988
2990
2993
3008
3062
3070
3071
3085
3098
3102
3185
3209
3217
3222
3243
3298
3300
3306
3318
3341
3345
3352
3413
3423
3432
3436
3464
3489
3517
3522
3562
3565
3589
3602
3603
3641
3664
3693
3696
3703
3709
3712
3755
3761
3762
3787
3799
3838
3844
3863
3904
3942
3951
3965
4051
4068
4096
4102
4145
4149
4162
4180
4190
4213
4244
4259
4262
4276
4282
4290
4304
4314
4332
4334
4395
4405
4410
4411
4415
4436
4437
4466
4469
4501
4508
4602
4635
4649
4653
4670
4686
4698
4710
4729
4738
4782
4805
4883
4956
4959
4974
4982
4994
