9.000000000000000000e+00
1.100000000000000000e+01
1.200000000000000000e+01
3.500000000000000000e+01
3.900000000000000000e+01
5.500000000000000000e+01
9.300000000000000000e+01
9.800000000000000000e+01
1.030000000000000000e+02
1.070000000000000000e+02
1.300000000000000000e+02
1.390000000000000000e+02
1.420000000000000000e+02
1.440000000000000000e+02
1.450000000000000000e+02
1.480000000000000000e+02
1.490000000000000000e+02
1.540000000000000000e+02
1.590000000000000000e+02
1.620000000000000000e+02
1.660000000000000000e+02
1.670000000000000000e+02
1.690000000000000000e+02
1.730000000000000000e+02
1.790000000000000000e+02
1.830000000000000000e+02
1.850000000000000000e+02
2.000000000000000000e+02
2.030000000000000000e+02
2.150000000000000000e+02
2.170000000000000000e+02
2.180000000000000000e+02
2.250000000000000000e+02
2.440000000000000000e+02
2.710000000000000000e+02
2.810000000000000000e+02
2.840000000000000000e+02
2.860000000000000000e+02
2.910000000000000000e+02
2.940000000000000000e+02
2.980000000000000000e+02
3.040000000000000000e+02
3.170000000000000000e+02
3.280000000000000000e+02
3.290000000000000000e+02
3.360000000000000000e+02
3.490000000000000000e+02
3.500000000000000000e+02
3.530000000000000000e+02
3.730000000000000000e+02
3.900000000000000000e+02
3.940000000000000000e+02
4.070000000000000000e+02
4.080000000000000000e+02
4.090000000000000000e+02
4.190000000000000000e+02
4.220000000000000000e+02
4.390000000000000000e+02
4.860000000000000000e+02
4.880000000000000000e+02
4.900000000000000000e+02
4.990000000000000000e+02
5.000000000000000000e+02
5.080000000000000000e+02
5.130000000000000000e+02
5.150000000000000000e+02
5.290000000000000000e+02
5.300000000000000000e+02
5.630000000000000000e+02
5.650000000000000000e+02
5.800000000000000000e+02
5.880000000000000000e+02
6.030000000000000000e+02
6.290000000000000000e+02
6.430000000000000000e+02
6.470000000000000000e+02
6.480000000000000000e+02
6.550000000000000000e+02
6.690000000000000000e+02
6.810000000000000000e+02
6.880000000000000000e+02
7.250000000000000000e+02
7.260000000000000000e+02
7.360000000000000000e+02
7.520000000000000000e+02
7.570000000000000000e+02
7.580000000000000000e+02
7.650000000000000000e+02
7.960000000000000000e+02
7.970000000000000000e+02
8.010000000000000000e+02
8.040000000000000000e+02
8.090000000000000000e+02
8.260000000000000000e+02
8.290000000000000000e+02
8.340000000000000000e+02
8.430000000000000000e+02
8.440000000000000000e+02
8.490000000000000000e+02
8.740000000000000000e+02
8.850000000000000000e+02
8.860000000000000000e+02
8.960000000000000000e+02
9.030000000000000000e+02
9.130000000000000000e+02
9.210000000000000000e+02
9.320000000000000000e+02
9.340000000000000000e+02
9.350000000000000000e+02
9.530000000000000000e+02
9.670000000000000000e+02
9.820000000000000000e+02
9.970000000000000000e+02
9.980000000000000000e+02
1.023000000000000000e+03
1.027000000000000000e+03
1.040000000000000000e+03
1.051000000000000000e+03
1.055000000000000000e+03
1.059000000000000000e+03
1.074000000000000000e+03
1.080000000000000000e+03
1.082000000000000000e+03
1.091000000000000000e+03
1.093000000000000000e+03
1.107000000000000000e+03
1.116000000000000000e+03
1.118000000000000000e+03
1.141000000000000000e+03
1.142000000000000000e+03
1.155000000000000000e+03
1.159000000000000000e+03
1.161000000000000000e+03
1.162000000000000000e+03
1.168000000000000000e+03
1.190000000000000000e+03
1.192000000000000000e+03
1.193000000000000000e+03
1.200000000000000000e+03
1.206000000000000000e+03
1.207000000000000000e+03
1.230000000000000000e+03
1.238000000000000000e+03
1.241000000000000000e+03
1.242000000000000000e+03
1.249000000000000000e+03
1.271000000000000000e+03
1.272000000000000000e+03
1.275000000000000000e+03
1.280000000000000000e+03
1.289000000000000000e+03
1.290000000000000000e+03
1.291000000000000000e+03
1.312000000000000000e+03
1.316000000000000000e+03
1.318000000000000000e+03
1.320000000000000000e+03
1.330000000000000000e+03
1.341000000000000000e+03
1.351000000000000000e+03
1.353000000000000000e+03
1.369000000000000000e+03
1.370000000000000000e+03
1.381000000000000000e+03
1.384000000000000000e+03
1.385000000000000000e+03
1.397000000000000000e+03
1.406000000000000000e+03
1.416000000000000000e+03
1.417000000000000000e+03
1.419000000000000000e+03
1.422000000000000000e+03
1.423000000000000000e+03
1.440000000000000000e+03
1.442000000000000000e+03
1.443000000000000000e+03
1.452000000000000000e+03
1.455000000000000000e+03
1.476000000000000000e+03
1.478000000000000000e+03
1.487000000000000000e+03
1.508000000000000000e+03
1.523000000000000000e+03
1.527000000000000000e+03
1.534000000000000000e+03
1.562000000000000000e+03
1.569000000000000000e+03
1.582000000000000000e+03
1.585000000000000000e+03
1.602000000000000000e+03
1.603000000000000000e+03
1.607000000000000000e+03
1.613000000000000000e+03
1.617000000000000000e+03
1.630000000000000000e+03
1.642000000000000000e+03
1.648000000000000000e+03
1.649000000000000000e+03
1.656000000000000000e+03
1.658000000000000000e+03
1.661000000000000000e+03
1.668000000000000000e+03
1.676000000000000000e+03
1.683000000000000000e+03
1.685000000000000000e+03
1.709000000000000000e+03
1.712000000000000000e+03
1.715000000000000000e+03
1.716000000000000000e+03
1.718000000000000000e+03
1.724000000000000000e+03
1.725000000000000000e+03
1.736000000000000000e+03
1.737000000000000000e+03
1.754000000000000000e+03
1.755000000000000000e+03
1.784000000000000000e+03
1.798000000000000000e+03
1.805000000000000000e+03
1.806000000000000000e+03
1.812000000000000000e+03
1.817000000000000000e+03
1.822000000000000000e+03
1.826000000000000000e+03
1.827000000000000000e+03
1.831000000000000000e+03
1.849000000000000000e+03
1.857000000000000000e+03
1.893000000000000000e+03
1.926000000000000000e+03
1.928000000000000000e+03
1.934000000000000000e+03
1.935000000000000000e+03
1.937000000000000000e+03
