1.000000000000000000e+00
1.100000000000000000e+01
3.400000000000000000e+01
4.100000000000000000e+01
4.200000000000000000e+01
5.100000000000000000e+01
5.700000000000000000e+01
5.800000000000000000e+01
7.500000000000000000e+01
8.000000000000000000e+01
8.200000000000000000e+01
8.400000000000000000e+01
9.300000000000000000e+01
9.600000000000000000e+01
1.100000000000000000e+02
1.200000000000000000e+02
1.220000000000000000e+02
1.230000000000000000e+02
1.250000000000000000e+02
1.340000000000000000e+02
1.490000000000000000e+02
1.500000000000000000e+02
1.750000000000000000e+02
1.810000000000000000e+02
1.820000000000000000e+02
1.860000000000000000e+02
1.880000000000000000e+02
1.960000000000000000e+02
1.990000000000000000e+02
2.130000000000000000e+02
2.280000000000000000e+02
2.390000000000000000e+02
2.420000000000000000e+02
2.480000000000000000e+02
2.510000000000000000e+02
2.540000000000000000e+02
2.560000000000000000e+02
2.580000000000000000e+02
2.700000000000000000e+02
2.900000000000000000e+02
2.940000000000000000e+02
2.950000000000000000e+02
3.010000000000000000e+02
3.030000000000000000e+02
3.140000000000000000e+02
3.150000000000000000e+02
3.180000000000000000e+02
3.190000000000000000e+02
3.290000000000000000e+02
3.300000000000000000e+02
3.570000000000000000e+02
3.580000000000000000e+02
3.710000000000000000e+02
3.780000000000000000e+02
3.840000000000000000e+02
3.850000000000000000e+02
4.030000000000000000e+02
4.040000000000000000e+02
4.070000000000000000e+02
4.150000000000000000e+02
4.170000000000000000e+02
4.240000000000000000e+02
4.260000000000000000e+02
4.290000000000000000e+02
4.340000000000000000e+02
4.460000000000000000e+02
4.610000000000000000e+02
4.640000000000000000e+02
4.650000000000000000e+02
4.660000000000000000e+02
4.730000000000000000e+02
4.780000000000000000e+02
4.800000000000000000e+02
4.830000000000000000e+02
4.880000000000000000e+02
4.910000000000000000e+02
4.940000000000000000e+02
5.060000000000000000e+02
5.120000000000000000e+02
5.140000000000000000e+02
5.190000000000000000e+02
5.220000000000000000e+02
5.230000000000000000e+02
5.260000000000000000e+02
5.320000000000000000e+02
5.430000000000000000e+02
5.470000000000000000e+02
5.590000000000000000e+02
5.770000000000000000e+02
5.880000000000000000e+02
5.900000000000000000e+02
5.960000000000000000e+02
6.070000000000000000e+02
6.100000000000000000e+02
6.150000000000000000e+02
6.260000000000000000e+02
6.400000000000000000e+02
6.480000000000000000e+02
6.510000000000000000e+02
6.530000000000000000e+02
6.610000000000000000e+02
6.620000000000000000e+02
6.740000000000000000e+02
6.830000000000000000e+02
6.840000000000000000e+02
6.950000000000000000e+02
6.970000000000000000e+02
7.010000000000000000e+02
7.020000000000000000e+02
7.040000000000000000e+02
7.070000000000000000e+02
7.080000000000000000e+02
7.100000000000000000e+02
7.110000000000000000e+02
7.230000000000000000e+02
7.330000000000000000e+02
7.350000000000000000e+02
7.410000000000000000e+02
7.430000000000000000e+02
7.440000000000000000e+02
7.480000000000000000e+02
7.550000000000000000e+02
7.560000000000000000e+02
7.590000000000000000e+02
7.640000000000000000e+02
7.730000000000000000e+02
7.810000000000000000e+02
7.820000000000000000e+02
7.850000000000000000e+02
7.860000000000000000e+02
8.000000000000000000e+02
8.020000000000000000e+02
8.030000000000000000e+02
