1
2
7
19
20
25
29
30
39
40
48
50
55
68
69
71
73
74
80
93
104
115
117
130
131
151
179
186
231
236
237
239
243
244
245
247
248
249
271
278
291
301
309
311
315
319
320
330
343
352
361
366
373
385
392
394
413
415
431
435
442
455
459
463
484
493
497
504
521
550
553
559
569
578
594
602
608
655
663
690
691
696
703
718
720
727
733
740
741
745
752
759
761
770
771
773
781
792
796
826
847
854
855
860
865
869
871
874
894
900
905
917
931
932
933
936
938
939
949
950
953
973
980
998
1005
1016
1032
1040
1047
1067
1070
1102
1113
1135
1144
1157
1158
1193
1196
1204
1205
1208
1213
1239
1244
1260
1263
1267
1268
1270
1273
1287
1290
1306
1313
1315
1335
1338
1345
1346
1348
1350
1371
1372
1374
1378
1383
1385
1389
1391
1418
1422
1442
1459
1461
1463
1465
1467
1468
1493
1497
1501
1508
1515
1520
1523
1549
1595
1607
1614
1618
1627
1656
1662
1677
1679
1681
1683
1684
1698
1710
1712
1715
1725
1756
1760
1761
1766
1792
1805
1836
1839
1842
1843
1845
1846
1862
1868
1897
1900
1908
1923
1948
1951
1954
1960
1976
1978
1987
1991
2005
2006
2007
2013
2016
2026
2032
2034
2038
2047
2053
2059
2061
2073
2095
2096
2107
2124
2132
2133
2182
2203
2209
2214
2217
2220
2222
2240
2265
2275
2285
2296
2297
2298
2299
2308
2311
2328
2339
2358
2365
2368
2387
2388
2402
2416
2420
2440
2441
2442
2448
2454
2458
2463
2475
2479
2480
2495
2497
2501
2515
2519
2520
2521
2529
2530
2553
2563
2564
2582
2622
2626
2627
2630
2631
2642
2660
2662
2667
2691
2710
2716
2749
2752
2758
2770
2771
2773
2774
2776
2793
2799
2818
2820
2821
2827
2828
2852
2879
2895
2903
2906
2907
2913
2916
2919
2920
2934
2936
2978
2998
3000
3007
3010
3011
3014
3017
3042
3044
3065
3066
3073
3079
3100
3103
3112
3119
3126
3127
3131
3137
3139
3141
3142
3146
3147
3149
3153
3179
3190
3203
3204
3205
3206
3220
3221
3223
3236
3238
3239
3251
3253
3255
3291
3299
3315
3340
3346
3350
3351
3354
3355
3359
3360
3365
3367
3368
3379
3385
3389
3390
3412
3421
3422
3424
3425
3426
3427
3429
3439
3443
3448
3468
3469
3474
3476
3516
3524
3538
3547
3548
3551
3552
3563
3564
3573
3583
3584
3597
3598
3604
3612
3619
3627
3633
3634
3638
3639
3640
3642
3674
3678
3679
3680
3681
3683
3720
3729
3753
3754
3767
3773
3777
3779
3783
3785
3786
3792
3793
3804
3808
3831
3871
3872
3873
3877
3918
3928
3930
3941
3946
3948
3952
3968
3969
3971
3972
3974
3978
4008
4009
4010
4037
4053
4055
4095
4101
4114
4116
4117
4127
4128
4131
4135
4146
4150
4157
4214
4243
4245
4260
4261
4278
4288
4318
4343
4352
4353
4358
4359
4361
4366
4370
4418
4421
4424
4439
4444
4449
4450
4452
4468
4480
4481
4500
4503
4504
4506
4507
4537
4567
4593
4605
4621
4644
4650
4655
4659
4661
4671
4674
4675
4676
4704
4705
4708
4709
4718
4720
4723
4725
4734
4760
4778
4800
4801
4807
4814
4818
4843
4855
4862
4869
4870
4897
4901
4903
4913
4936
4937
4950
4980
4985
4991
