3
11
17
41
46
53
54
59
75
84
98
107
108
136
142
143
146
154
160
162
168
171
175
176
177
178
181
184
195
197
198
202
204
207
211
212
217
218
221
222
225
228
253
254
269
270
292
296
298
307
321
324
328
335
336
345
350
351
353
357
365
369
382
409
414
422
429
439
447
448
452
457
471
476
477
491
499
501
512
516
525
530
534
535
537
539
545
555
576
583
584
586
590
593
609
611
612
626
627
640
641
644
647
658
659
667
679
683
687
692
697
702
704
707
719
764
767
789
801
809
814
821
832
835
836
846
849
850
852
858
872
877
901
906
909
913
918
922
941
944
961
964
965
968
981
984
985
990
992
1008
1011
1018
1024
1025
1038
1041
1046
1055
1060
1068
1071
1073
1075
1078
1090
1099
1106
1115
1126
1128
1134
1136
1138
1139
1140
1141
1147
1151
1160
1162
1166
1167
1169
1170
1171
1174
1186
1188
1198
1200
1211
1220
1233
1240
1247
1251
1253
1258
1269
1280
1281
1282
1284
1285
1286
1294
1303
1314
1320
1321
1322
1331
1333
1337
1342
1355
1362
1363
1364
1367
1369
1370
1382
1399
1410
1411
1412
1414
1417
1425
1426
1428
1430
1431
1435
1437
1453
1473
1475
1498
1502
1503
1504
1511
1521
1531
1536
1537
1541
1544
1545
1546
1548
1559
1563
1564
1565
1572
1574
1580
1588
1589
1600
1604
1610
1619
1632
1633
1635
1644
1649
1659
1665
1666
1671
1678
1680
1704
1707
1729
1731
1735
1737
1742
1746
1752
1765
1770
1774
1776
1782
1789
1793
1794
1795
1796
1798
1799
1809
1813
1821
1825
1826
1834
1849
1850
1851
1854
1861
1871
1874
1885
1891
1892
1895
1896
1904
1906
1909
1913
1914
1918
1919
1921
1925
1926
1975
1980
1985
1989
1996
1999
2000
2010
2018
2022
2030
2039
2040
2041
2042
2054
2065
2066
2067
2071
2076
2100
2105
2113
2115
2118
2121
2127
2129
2136
2145
2147
2152
2156
2157
2160
2170
2189
2190
2192
2195
2197
2199
2223
2226
2228
2230
2242
2254
2264
2268
2278
2279
2280
2282
2314
2321
2322
2324
2332
2333
2343
2344
2353
2362
2370
2376
2377
2385
2386
2394
2397
2399
2407
2412
2415
2427
2428
2429
2437
2444
2445
2446
2457
2468
2472
2473
2481
2485
2503
2505
2512
2534
2541
2546
2551
2566
2571
2572
2579
2584
2594
2601
2602
2607
2608
2610
2620
2645
2654
2658
2659
2664
2681
2687
2698
2699
2711
2722
2741
2756
2759
2765
2769
2778
2780
2782
2789
2800
2807
2841
2842
2845
2860
2864
2873
2885
2886
2900
2901
2905
2914
2917
2930
2931
2939
2942
2946
2947
2949
2952
2957
2960
2966
2973
2981
2994
3006
3012
3018
3019
3028
3030
3032
3036
3038
3054
3056
3058
3064
3074
3078
3090
3091
3096
3106
3111
3113
3123
3132
3133
3138
3155
3158
3160
3173
3175
3176
3182
3192
3193
3210
3212
3214
3227
3230
3232
3233
3248
3252
3260
3262
3264
3266
3267
3273
3275
3276
3280
3284
3288
3290
3302
3305
3313
3317
3342
3344
3362
3374
3377
3402
3403
3407
3418
3419
3430
3442
3451
3453
3463
3479
3482
3496
3497
3500
3504
3508
3509
3510
3531
3532
3534
3536
3542
3549
3556
3577
3593
3594
3595
3614
3624
3632
3651
3657
3660
3661
3668
3689
3700
3702
3711
3713
3719
3730
3734
3736
3739
3745
3747
3750
3751
3759
3769
3788
3797
3807
3811
3818
3820
3824
3827
3832
3854
3860
3861
3886
3887
3895
3897
3899
3903
3912
3920
3924
3925
3931
3934
3935
3939
3958
3981
3987
3989
3996
4000
4006
4014
4017
4018
4019
4021
4024
4025
4026
4028
4029
4030
4035
4039
4041
4048
4061
4063
4065
4066
4069
4075
4079
4088
4092
4097
4107
4108
4118
4119
4124
4136
4152
4159
4160
4166
4171
4172
4174
4176
4177
4178
4183
4187
4189
4197
4198
4205
4206
4218
4219
4228
4232
4248
4253
4256
4264
4268
4280
4287
4293
4300
4302
4307
4309
4315
4325
4326
4329
4339
4340
4360
4363
4371
4373
4374
4377
4382
4384
4397
4402
4407
4414
4417
4445
4453
4455
4460
4471
4475
4483
4484
4494
4496
4514
4515
4516
4519
4520
4529
4530
4539
4540
4541
4546
4549
4550
4552
4555
4559
4561
4562
4571
4579
4580
4587
4590
4594
4595
4596
4597
4599
4607
4612
4618
4620
4628
4633
4639
4643
4656
4658
4665
4666
4667
4684
4702
4721
4740
4751
4752
4755
4757
4766
4767
4768
4785
4787
4791
4793
4798
4806
4811
4836
4837
4839
4841
4847
4863
4874
4875
4876
4885
4887
4895
4896
4904
4905
4908
4912
4914
4927
4961
4964
4996
4997
5000
