5
8
9
10
12
14
16
21
23
24
26
35
36
44
47
49
51
56
57
60
61
62
66
76
77
79
81
82
83
85
97
105
106
113
120
125
126
127
129
133
135
137
139
141
144
145
157
159
161
163
164
165
167
172
173
174
183
187
188
190
191
192
193
194
196
199
200
201
205
206
210
213
214
215
219
220
223
224
227
229
233
242
251
252
256
259
260
263
265
267
273
274
276
279
281
283
284
285
290
293
294
295
297
300
305
312
313
314
325
327
329
333
338
339
342
344
346
347
348
349
354
356
358
359
362
363
364
370
372
374
375
378
381
383
384
386
387
388
389
395
397
398
399
400
402
405
410
412
417
418
419
420
423
424
428
430
433
437
440
446
449
451
453
464
465
466
467
468
469
470
473
474
475
478
479
480
481
483
488
489
502
506
507
510
511
514
515
527
528
529
533
536
538
540
542
544
546
547
548
549
551
554
556
557
558
560
562
564
565
571
572
573
574
580
585
588
592
596
598
599
600
606
613
614
615
616
618
619
620
621
623
625
628
631
632
642
643
646
650
651
652
657
660
661
664
665
666
668
669
670
674
677
678
680
681
682
684
685
689
694
695
698
699
700
705
706
708
709
713
714
715
721
722
723
726
729
730
734
737
742
744
746
751
756
757
758
765
766
768
769
775
777
778
783
784
787
794
795
797
798
802
803
804
805
806
807
811
812
813
815
816
819
820
822
823
824
825
827
828
834
837
840
851
853
859
863
864
867
875
878
885
886
887
889
890
892
893
896
899
902
903
904
907
908
911
914
915
921
925
926
927
930
935
940
942
943
945
946
947
951
952
960
962
963
966
967
969
970
972
974
976
977
982
987
988
989
991
997
999
1000
1001
1007
1009
1010
1019
1022
1026
1027
1028
1031
1033
1035
1039
1044
1051
1052
1054
1056
1058
1059
1061
1074
1076
1079
1080
1081
1084
1085
1088
1089
1092
1093
1094
1095
1097
1098
1100
1103
1104
1110
1114
1117
1118
1119
1120
1121
1125
1127
1129
1130
1142
1145
1146
1148
1149
1150
1153
1154
1155
1161
1163
1165
1168
1172
1173
1176
1177
1180
1181
1183
1184
1185
1189
1190
1191
1194
1195
1197
1201
1202
1203
1209
1210
1215
1217
1218
1221
1223
1224
1225
1226
1227
1228
1231
1237
1241
1242
1243
1246
1249
1254
1256
1257
1259
1261
1264
1265
1266
1271
1274
1277
1278
1279
1288
1291
1293
1295
1297
1298
1300
1304
1305
1317
1318
1319
1323
1324
1325
1326
1329
1332
1334
1339
1344
1347
1349
1352
1353
1354
1356
1357
1358
1361
1365
1366
1368
1376
1379
1381
1384
1386
1390
1392
1393
1398
1400
1402
1403
1404
1406
1407
1409
1416
1419
1424
1429
1432
1433
1434
1440
1443
1445
1452
1454
1456
1464
1469
1472
1476
1477
1479
1480
1481
1482
1483
1484
1486
1489
1491
1492
1496
1500
1505
1506
1507
1512
1513
1516
1517
1518
1519
1527
1530
1539
1542
1543
1547
1550
1553
1554
1556
1557
1558
1561
1562
1566
1568
1571
1576
1577
1579
1581
1582
1586
1587
1590
1592
1593
1596
1597
1598
1599
1606
1609
1617
1620
1621
1622
1625
1626
1628
1630
1634
1636
1637
1638
1639
1640
1642
1646
1650
1653
1654
1657
1660
1661
1664
1668
1670
1672
1673
1675
1682
1685
1688
1690
1692
1695
1697
1699
1702
1705
1706
1708
1709
1713
1717
1719
1720
1721
1722
1726
1727
1732
1734
1736
1740
1741
1743
1744
1745
1749
1751
1753
1754
1758
1762
1764
1769
1771
1772
1773
1777
1778
1779
1780
1781
1786
1787
1790
1791
1797
1800
1803
1810
1811
1814
1815
1816
1817
1818
1819
1820
1822
1824
1827
1828
1829
1830
1831
1833
1837
1840
1847
1848
1852
1853
1855
1857
1858
1859
1863
1869
1875
1876
1877
1878
1879
1882
1883
1884
1886
1887
1888
1890
1894
1901
1902
1903
1905
1907
1911
1916
1917
1920
1922
1927
1928
1931
1933
1934
1935
1936
1939
1941
1946
1947
1949
1953
1955
1957
1965
1967
1968
1970
1974
1979
1981
1983
1984
1993
1994
1997
1998
2001
2002
2012
2014
2019
2021
2024
2028
2029
2037
2043
2044
2045
2046
2048
2050
2051
2052
2057
2058
2063
2064
2074
2077
2078
2080
2083
2087
2088
2089
2090
2093
2094
2101
2102
2103
2104
2106
2111
2112
2114
2119
2120
2122
2125
2128
2130
2135
2137
2138
2139
2140
2142
2144
2146
2148
2150
2151
2154
2155
2159
2162
2165
2166
2167
2169
2172
2175
2176
2177
2180
2183
2198
2200
2201
2204
2207
2210
2212
2216
2218
2224
2227
2229
2231
2232
2233
2234
2235
2237
2238
2241
2245
2247
2248
2250
2252
2253
2256
2262
2266
2267
2270
2271
2272
2273
2281
2283
2284
2288
2290
2291
2294
2301
2304
2313
2315
2316
2317
2318
2320
2323
2327
2334
2335
2337
2338
2341
2342
2345
2348
2349
2352
2354
2355
2356
2357
2359
2361
2363
2364
2369
2371
2374
2375
2379
2380
2381
2382
2384
2392
2401
2403
2404
2406
2408
2409
2413
2418
2421
2422
2423
2426
2433
2434
2435
2436
2439
2443
2450
2451
2452
2453
2456
2459
2460
2462
2465
2466
2467
2469
2470
2471
2476
2478
2483
2486
2487
2489
2490
2491
2492
2493
2496
2499
2500
2506
2509
2510
2513
2516
2518
2522
2523
2524
2526
2528
2531
2533
2536
2537
2542
2544
2545
2548
2550
2556
2559
2561
2567
2568
2573
2575
2577
2580
2583
2586
2587
2588
2589
2592
2597
2603
2604
2605
2609
2611
2617
2618
2619
2624
2625
2628
2629
2632
2634
2635
2637
2638
2643
2646
2647
2648
2649
2650
2655
2656
2657
2665
2666
2668
2669
2671
2673
2675
2676
2682
2683
2684
2686
2689
2693
2694
2696
2697
2701
2703
2706
2707
2709
2712
2713
2714
2718
2721
2725
2729
2736
2738
2739
2747
2751
2753
2755
2757
2763
2764
2766
2767
2768
2775
2777
2779
2781
2783
2787
2790
2791
2794
2795
2796
2798
2804
2812
2813
2815
2816
2817
2819
2824
2826
2829
2830
2831
2832
2833
2834
2837
2838
2840
2844
2846
2848
2850
2851
2854
2862
2863
2866
2870
2871
2876
2878
2881
2883
2884
2887
2888
2889
2891
2892
2896
2899
2902
2908
2909
2910
2912
2921
2927
2928
2929
2933
2935
2940
2945
2948
2950
2954
2955
2956
2958
2959
2962
2963
2965
2967
2968
2969
2974
2975
2976
2982
2985
2986
2988
2989
2990
2993
2995
2996
2999
3003
3004
3008
3015
3016
3021
3022
3023
3024
3025
3026
3027
3031
3033
3034
3035
3037
3040
3050
3051
3052
3057
3059
3060
3062
3069
3070
3071
3072
3076
3081
3082
3083
3084
3085
3086
3093
3094
3095
3097
3098
3102
3105
3110
3115
3117
3118
3122
3125
3128
3129
3130
3136
3152
3156
3162
3163
3164
3165
3166
3172
3174
3177
3181
3185
3188
3194
3196
3198
3199
3200
3207
3209
3211
3213
3217
3222
3226
3229
3231
3234
3241
3242
3243
3246
3247
3250
3254
3256
3257
3258
3259
3261
3265
3268
3271
3272
3274
3278
3279
3282
3285
3286
3287
3297
3298
3300
3303
3304
3306
3308
3310
3311
3316
3318
3321
3322
3323
3325
3331
3334
3335
3336
3341
3345
3352
3353
3363
3370
3371
3373
3376
3378
3380
3381
3383
3387
3397
3398
3399
3400
3401
3404
3405
3406
3411
3413
3414
3415
3416
3423
3428
3432
3433
3436
3438
3445
3449
3450
3452
3454
3456
3457
3458
3464
3466
3467
3470
3471
3477
3478
3480
3484
3486
3487
3489
3492
3494
3498
3499
3503
3505
3512
3513
3515
3517
3521
3522
3525
3526
3527
3528
3529
3530
3533
3535
3537
3543
3544
3545
3555
3557
3561
3562
3565
3568
3570
3572
3574
3575
3578
3582
3585
3586
3587
3589
3590
3591
3602
3603
3606
3607
3609
3610
3615
3616
3617
3618
3622
3628
3637
3641
3643
3645
3649
3650
3652
3656
3658
3659
3664
3665
3666
3667
3669
3670
3687
3688
3690
3692
3693
3696
3698
3703
3705
3706
3709
3712
3715
3716
3718
3727
3731
3732
3733
3735
3737
3738
3740
3742
3744
3746
3748
3749
3755
3758
3761
3762
3763
3764
3765
3770
3771
3772
3774
3778
3787
3794
3796
3799
3800
3801
3802
3805
3806
3810
3812
3813
3814
3815
3819
3821
3823
3825
3826
3829
3830
3833
3835
3836
3838
3842
3844
3845
3846
3847
3849
3853
3855
3856
3862
3863
3864
3865
3866
3868
3869
3874
3875
3878
3881
3884
3888
3890
3892
3893
3894
3896
3898
3900
3901
3902
3904
3908
3911
3913
3914
3916
3921
3923
3926
3927
3929
3933
3937
3938
3940
3942
3943
3945
3950
3951
3955
3957
3959
3961
3962
3963
3965
3967
3982
3983
3985
3986
3988
3991
3992
3993
3994
3997
3998
3999
4002
4003
4004
4005
4012
4016
4020
4022
4023
4027
4031
4032
4036
4040
4051
4054
4056
4057
4062
4064
4067
4068
4071
4072
4073
4074
4078
4081
4082
4085
4086
4087
4089
4094
4096
4099
4100
4102
4104
4105
4106
4110
4111
4112
4115
4121
4122
4125
4129
4130
4134
4137
4139
4141
4145
4149
4153
4154
4158
4162
4164
4170
4173
4175
4179
4180
4184
4185
4186
4190
4191
4192
4193
4194
4196
4199
4200
4203
4204
4208
4210
4211
4213
4216
4217
4220
4223
4226
4227
4235
4237
4240
4241
4242
4244
4252
4254
4255
4257
4258
4259
4262
4265
4266
4269
4272
4274
4275
4276
4281
4282
4283
4285
4290
4292
4295
4296
4297
4301
4303
4304
4305
4306
4308
4310
4311
4312
4313
4314
4322
4323
4324
4327
4328
4330
4332
4333
4334
4338
4341
4342
4345
4346
4347
4348
4349
4354
4357
4362
4364
4367
4369
4372
4379
4380
4381
4386
4387
4388
4393
4394
4395
4396
4403
4405
4408
4409
4410
4411
4412
4415
4419
4423
4428
4429
4433
4436
4437
4438
4443
4446
4447
4451
4454
4456
4457
4462
4463
4466
4469
4470
4473
4476
4477
4478
4482
4485
4486
4489
4490
4491
4492
4493
4495
4497
4498
4501
4508
4511
4517
4531
4532
4533
4547
4548
4553
4556
4557
4560
4563
4564
4565
4566
4568
4569
4570
4575
4576
4577
4578
4581
4585
4588
4592
4598
4601
4602
4603
4604
4608
4609
4610
4611
4617
4619
4623
4625
4627
4632
4634
4635
4636
4637
4638
4641
4642
4645
4649
4653
4654
4657
4664
4668
4669
4670
4678
4679
4681
4685
4686
4687
4690
4693
4696
4698
4700
4701
4703
4710
4729
4731
4735
4736
4738
4739
4744
4746
4747
4748
4750
4753
4754
4756
4759
4764
4765
4769
4773
4775
4777
4780
4782
4783
4784
4786
4788
4789
4790
4794
4805
4808
4809
4813
4815
4820
4823
4824
4825
4826
4827
4828
4833
4834
4838
4840
4845
4848
4849
4850
4852
4853
4856
4857
4858
4860
4861
4864
4866
4867
4868
4872
4873
4877
4879
4880
4883
4884
4886
4889
4891
4894
4898
4902
4906
4909
4911
4915
4917
4918
4919
4920
4921
4922
4923
4926
4928
4929
4930
4932
4935
4938
4941
4942
4943
4945
4949
4951
4953
4956
4957
4959
4960
4962
4965
4971
4972
4974
4982
4986
4994
4998
