4
6
13
15
18
22
27
28
31
32
33
34
37
38
42
43
45
52
58
63
64
65
67
70
72
78
86
87
88
89
90
91
92
94
95
96
99
100
101
102
103
109
110
111
112
114
116
118
119
121
122
123
124
128
132
134
138
140
147
148
149
150
152
153
155
156
158
166
169
170
180
182
185
189
203
208
209
216
226
230
232
234
235
238
240
241
246
250
255
257
258
261
262
264
266
268
272
275
277
280
282
286
287
288
289
299
302
303
304
306
308
310
316
317
318
322
323
326
331
332
334
337
340
341
355
360
367
368
371
376
377
379
380
390
391
393
396
401
403
404
406
407
408
411
416
421
425
426
427
432
434
436
438
441
443
444
445
450
454
456
458
460
461
462
472
482
485
486
487
490
492
494
495
496
498
500
503
505
508
509
513
517
518
519
520
522
523
524
526
531
532
541
543
552
561
563
566
567
568
570
575
577
579
581
582
587
589
591
595
597
601
603
604
605
607
610
617
622
624
629
630
633
634
635
636
637
638
639
645
648
649
653
654
656
662
671
672
673
675
676
686
688
693
701
710
711
712
716
717
724
725
728
731
732
735
736
738
739
743
747
748
749
750
753
754
755
760
762
763
772
774
776
779
780
782
785
786
788
790
791
793
799
800
808
810
817
818
829
830
831
833
838
839
841
842
843
844
845
848
856
857
861
862
866
868
870
873
876
879
880
881
882
883
884
888
891
895
897
898
910
912
916
919
920
923
924
928
929
934
937
948
954
955
956
957
958
959
971
975
978
979
983
986
993
994
995
996
1002
1003
1004
1006
1012
1013
1014
1015
1017
1020
1021
1023
1029
1030
1034
1036
1037
1042
1043
1045
1048
1049
1050
1053
1057
1062
1063
1064
1065
1066
1069
1072
1077
1082
1083
1086
1087
1091
1096
1101
1105
1107
1108
1109
1111
1112
1116
1122
1123
1124
1131
1132
1133
1137
1143
1152
1156
1159
1164
1175
1178
1179
1182
1187
1192
1199
1206
1207
1212
1214
1216
1219
1222
1229
1230
1232
1234
1235
1236
1238
1245
1248
1250
1252
1255
1262
1272
1275
1276
1283
1289
1292
1296
1299
1301
1302
1307
1308
1309
1310
1311
1312
1316
1327
1328
1330
1336
1340
1341
1343
1351
1359
1360
1373
1375
1377
1380
1387
1388
1394
1395
1396
1397
1401
1405
1408
1413
1415
1420
1421
1423
1427
1436
1438
1439
1441
1444
1446
1447
1448
1449
1450
1451
1455
1457
1458
1460
1462
1466
1470
1471
1474
1478
1485
1487
1488
1490
1494
1495
1499
1509
1510
1514
1522
1524
1525
1526
1528
1529
1532
1533
1534
1535
1538
1540
1551
1552
1555
1560
1567
1569
1570
1573
1575
1578
1583
1584
1585
1591
1594
1601
1602
1603
1605
1608
1611
1612
1613
1615
1616
1623
1624
1629
1631
1641
1643
1645
1647
1648
1651
1652
1655
1658
1663
1667
1669
1674
1676
1686
1687
1689
1691
1693
1694
1696
1700
1701
1703
1711
1714
1716
1718
1723
1724
1728
1730
1733
1738
1739
1747
1748
1750
1755
1757
1759
1763
1767
1768
1775
1783
1784
1785
1788
1801
1802
1804
1806
1807
1808
1812
1823
1832
1835
1838
1841
1844
1856
1860
1864
1865
1866
1867
1870
1872
1873
1880
1881
1889
1893
1898
1899
1910
1912
1915
1924
1929
1930
1932
1937
1938
1940
1942
1943
1944
1945
1950
1952
1956
1958
1959
1961
1962
1963
1964
1966
1969
1971
1972
1973
1977
1982
1986
1988
1990
1992
1995
2003
2004
2008
2009
2011
2015
2017
2020
2023
2025
2027
2031
2033
2035
2036
2049
2055
2056
2060
2062
2068
2069
2070
2072
2075
2079
2081
2082
2084
2085
2086
2091
2092
2097
2098
2099
2108
2109
2110
2116
2117
2123
2126
2131
2134
2141
2143
2149
2153
2158
2161
2163
2164
2168
2171
2173
2174
2178
2179
2181
2184
2185
2186
2187
2188
2191
2193
2194
2196
2202
2205
2206
2208
2211
2213
2215
2219
2221
2225
2236
2239
2243
2244
2246
2249
2251
2255
2257
2258
2259
2260
2261
2263
2269
2274
2276
2277
2286
2287
2289
2292
2293
2295
2300
2302
2303
2305
2306
2307
2309
2310
2312
2319
2325
2326
2329
2330
2331
2336
2340
2346
2347
2350
2351
2360
2366
2367
2372
2373
2378
2383
2389
2390
2391
2393
2395
2396
2398
2400
2405
2410
2411
2414
2417
2419
2424
2425
2430
2431
2432
2438
2447
2449
2455
2461
2464
2474
2477
2482
2484
2488
2494
2498
2502
2504
2507
2508
2511
2514
2517
2525
2527
2532
2535
2538
2539
2540
2543
2547
2549
2552
2554
2555
2557
2558
2560
2562
2565
2569
2570
2574
2576
2578
2581
2585
2590
2591
2593
2595
2596
2598
2599
2600
2606
2612
2613
2614
2615
2616
2621
2623
2633
2636
2639
2640
2641
2644
2651
2652
2653
2661
2663
2670
2672
2674
2677
2678
2679
2680
2685
2688
2690
2692
2695
2700
2702
2704
2705
2708
2715
2717
2719
2720
2723
2724
2726
2727
2728
2730
2731
2732
2733
2734
2735
2737
2740
2742
2743
2744
2745
2746
2748
2750
2754
2760
2761
2762
2772
2784
2785
2786
2788
2792
2797
2801
2802
2803
2805
2806
2808
2809
2810
2811
2814
2822
2823
2825
2835
2836
2839
2843
2847
2849
2853
2855
2856
2857
2858
2859
2861
2865
2867
2868
2869
2872
2874
2875
2877
2880
2882
2890
2893
2894
2897
2898
2904
2911
2915
2918
2922
2923
2924
2925
2926
2932
2937
2938
2941
2943
2944
2951
2953
2961
2964
2970
2971
2972
2977
2979
2980
2983
2984
2987
2991
2992
2997
3001
3002
3005
3009
3013
3020
3029
3039
3041
3043
3045
3046
3047
3048
3049
3053
3055
3061
3063
3067
3068
3075
3077
3080
3087
3088
3089
3092
3099
3101
3104
3107
3108
3109
3114
3116
3120
3121
3124
3134
3135
3140
3143
3144
3145
3148
3150
3151
3154
3157
3159
3161
3167
3168
3169
3170
3171
3178
3180
3183
3184
3186
3187
3189
3191
3195
3197
3201
3202
3208
3215
3216
3218
3219
3224
3225
3228
3235
3237
3240
3244
3245
3249
3263
3269
3270
3277
3281
3283
3289
3292
3293
3294
3295
3296
3301
3307
3309
3312
3314
3319
3320
3324
3326
3327
3328
3329
3330
3332
3333
3337
3338
3339
3343
3347
3348
3349
3356
3357
3358
3361
3364
3366
3369
3372
3375
3382
3384
3386
3388
3391
3392
3393
3394
3395
3396
3408
3409
3410
3417
3420
3431
3434
3435
3437
3440
3441
3444
3446
3447
3455
3459
3460
3461
3462
3465
3472
3473
3475
3481
3483
3485
3488
3490
3491
3493
3495
3501
3502
3506
3507
3511
3514
3518
3519
3520
3523
3539
3540
3541
3546
3550
3553
3554
3558
3559
3560
3566
3567
3569
3571
3576
3579
3580
3581
3588
3592
3596
3599
3600
3601
3605
3608
3611
3613
3620
3621
3623
3625
3626
3629
3630
3631
3635
3636
3644
3646
3647
3648
3653
3654
3655
3662
3663
3671
3672
3673
3675
3676
3677
3682
3684
3685
3686
3691
3694
3695
3697
3699
3701
3704
3707
3708
3710
3714
3717
3721
3722
3723
3724
3725
3726
3728
3741
3743
3752
3756
3757
3760
3766
3768
3775
3776
3780
3781
3782
3784
3789
3790
3791
3795
3798
3803
3809
3816
3817
3822
3828
3834
3837
3839
3840
3841
3843
3848
3850
3851
3852
3857
3858
3859
3867
3870
3876
3879
3880
3882
3883
3885
3889
3891
3905
3906
3907
3909
3910
3915
3917
3919
3922
3932
3936
3944
3947
3949
3953
3954
3956
3960
3964
3966
3970
3973
3975
3976
3977
3979
3980
3984
3990
3995
4001
4007
4011
4013
4015
4033
4034
4038
4042
4043
4044
4045
4046
4047
4049
4050
4052
4058
4059
4060
4070
4076
4077
4080
4083
4084
4090
4091
4093
4098
4103
4109
4113
4120
4123
4126
4132
4133
4138
4140
4142
4143
4144
4147
4148
4151
4155
4156
4161
4163
4165
4167
4168
4169
4181
4182
4188
4195
4201
4202
4207
4209
4212
4215
4221
4222
4224
4225
4229
4230
4231
4233
4234
4236
4238
4239
4246
4247
4249
4250
4251
4263
4267
4270
4271
4273
4277
4279
4284
4286
4289
4291
4294
4298
4299
4316
4317
4319
4320
4321
4331
4335
4336
4337
4344
4350
4351
4355
4356
4365
4368
4375
4376
4378
4383
4385
4389
4390
4391
4392
4398
4399
4400
4401
4404
4406
4413
4416
4420
4422
4425
4426
4427
4430
4431
4432
4434
4435
4440
4441
4442
4448
4458
4459
4461
4464
4465
4467
4472
4474
4479
4487
4488
4499
4502
4505
4509
4510
4512
4513
4518
4521
4522
4523
4524
4525
4526
4527
4528
4534
4535
4536
4538
4542
4543
4544
4545
4551
4554
4558
4572
4573
4574
4582
4583
4584
4586
4589
4591
4600
4606
4613
4614
4615
4616
4622
4624
4626
4629
4630
4631
4640
4646
4647
4648
4651
4652
4660
4662
4663
4672
4673
4677
4680
4682
4683
4688
4689
4691
4692
4694
4695
4697
4699
4706
4707
4711
4712
4713
4714
4715
4716
4717
4719
4722
4724
4726
4727
4728
4730
4732
4733
4737
4741
4742
4743
4745
4749
4758
4761
4762
4763
4770
4771
4772
4774
4776
4779
4781
4792
4795
4796
4797
4799
4802
4803
4804
4810
4812
4816
4817
4819
4821
4822
4829
4830
4831
4832
4835
4842
4844
4846
4851
4854
4859
4865
4871
4878
4881
4882
4888
4890
4892
4893
4899
4900
4907
4910
4916
4924
4925
4931
4933
4934
4939
4940
4944
4946
4947
4948
4952
4954
4955
4958
4963
4966
4967
4968
4969
4970
4973
4975
4976
4977
4978
4979
4981
4983
4984
4987
4988
4989
4990
4992
4993
4995
4999
5001
