103.933994159747	35.5493800477226
104.148381876098	35.3315693349429
104.293382758534	34.8201580974499
104.029848098184	34.4415282149241
104.135903003604	35.4215319570531
104.061248646992	35.269177691916
104.073425005962	35.351701908579
104.124390455048	35.3517413553545
104.210826256909	35.1248303950238
104.126995628154	35.1944402545781
104.195460472937	35.2713731158621
104.014231700093	35.3376395344332
104.15355544278	35.3632946622292
104.196695345742	35.287765792014
103.97760589571	34.378323221328
104.350567404302	35.0491907172038
103.492747776919	35.0280310224215
103.566327867736	34.7422376442201
104.2035185887	35.121124907257
104.285192548671	35.3671825154465
104.386843945588	35.1526121128253
104.145746908964	35.311160350173
104.026351982825	35.4712228364232
104.210393051061	35.1327271531925
104.164121045801	35.3446562207819
104.417766013153	35.1989632955517
103.79085967612	34.787116053984
104.193755388215	34.5248718469785
103.696440540264	35.0208853530739
104.026274861813	35.3458862990947
103.834470587444	34.9669470011897
103.9260839851	35.277963391362
103.849649495982	35.2682018337379
103.727874816445	35.3976698738443
104.190193869202	35.1091278005573
104.291142891742	35.0893024509372
104.217602723043	35.1117711747419
104.462748828124	35.1714531323194
104.030095061234	35.0548660064064
104.192440879647	35.4829373212136
103.910534852671	35.2987664531151
103.529045896639	34.752802730895
103.760585351917	35.1626830165352
104.044461973679	35.0212746067672
104.202411056414	35.0886179525607
103.859272639778	34.9505046367456
104.072647903628	35.4382860956648
104.046798776938	35.5721318343643
104.102607577097	35.2636553897242
103.764025135206	35.2511708863907
104.147406820664	35.3326080085691
104.258657717972	35.2273784192366
103.74395555068	34.930833346103
104.148341586769	35.3151307002832
103.710244326867	35.1902011140309
104.051088987756	34.9812749227547
103.778981435732	35.2574565346115
103.888376508465	35.4682521978547
104.063739972026	35.3674944994428
103.588246405028	35.0941558507853
104.27585465381	35.2803016560609
104.118488923533	35.3213551993391
104.160103329218	35.4912880950548
104.027760894946	35.3163046792617
103.819781233056	35.174580668267
104.541933485858	35.2075081532682
104.035908421226	34.8083481126926
104.031215528797	34.5473913077354
104.174653004885	34.8558448282785
104.350080167664	34.5316628710431
103.824355697175	35.2592740439827
104.105160033742	35.4931578476717
104.173229640384	35.1858625063354
104.072285656817	34.7787586552413
103.705159446026	35.034315212321
104.04847863409	35.3662123343989
104.036097933565	35.2141154992561
103.505000131902	34.7917987897154
103.779866656342	34.7425494972335
103.858026675764	35.3291080010694
103.983451394007	35.4837387352831
104.458375440546	35.3596428560879
104.34241750306	35.2714713067167
103.846153257946	35.1505761690153
104.075835648778	35.5191370026797
104.070272462433	35.2372707454868
104.019608913669	35.4831756942769
103.854536925793	35.3946021127403
104.534852636614	35.3029800938377
104.163590190872	35.501912987241
103.963700371484	35.2324188389504
104.235029689497	35.1832294677331
103.887208784162	35.0008044843128
103.611499005656	34.7257331278371
104.509149580518	35.2783553274087
104.045653446867	34.462119363187
104.070718878378	35.2514103131392
104.386050066594	35.1917532799208
103.934855773652	34.8449880804879
104.181773613478	35.249024787443
104.108772293306	35.3975931316394
103.864824797977	35.3695519711763
104.157682340986	35.4885414440693
104.061632051132	35.2414103686776
104.168739382427	35.2149782121111
104.254007173657	35.0528842183065
104.215451224441	35.2537095050276
104.145082858345	35.133076550951
103.826080227968	35.4869291233528
104.219338359199	35.2661314536824
103.535684166224	34.7502429738043
103.918661506526	35.3362476153949
104.206308898212	35.3526306827671
103.815763987304	34.9728356118987
103.871635646155	35.4512692705399
104.002106971373	35.130038020966
104.269892530619	35.0796562120829
103.925551263332	35.5438686563603
104.608231026918	35.160126432428
104.356230908492	34.9193181277561
103.592191408215	34.7557023526372
104.19006906375	35.5411581714338
103.978913976409	35.2263536279664
104.211412591857	35.1614452003378
104.108602765343	34.4042001176944
104.103498815274	35.2548381347254
103.792144989768	35.2233617419203
104.418203243223	34.5565791810051
104.204047151886	35.5504342479013
103.734171780687	35.4472973544345
104.102678681699	35.1218422017969
104.420842891734	34.8314748838851
104.215528382098	34.4606321506966
103.472155131169	34.9843451569649
104.405026244486	35.3184757977855
104.095417278828	35.4792809330096
104.060359547453	35.5037708818371
103.932620130281	34.9604096302928
103.946198674989	35.2864091638568
104.09365711414	35.156589907883
104.468990363647	35.1821886885748
104.299323532067	35.2859273674042
104.317356695615	35.3580745663741
104.337619893895	35.0422003919656
103.823336483763	35.0149124364163
103.57813191402	35.0632675077154
103.468391689764	34.8099755361721
104.075840414522	35.3614710357988
103.88912544574	35.2971198999626
104.023283267324	35.1893601748237
103.839674160515	34.9775270184128
104.187785504185	35.4436012960185
104.176805984767	35.4863005155493
104.145896097326	35.3161881379683
104.062575212978	35.008447808814
103.988879593241	34.9711535638639
104.086231620019	35.3776080179143
104.13833911423	35.4014989110823
104.066217299611	35.2211048524646
104.034849774142	35.4781154692756
104.327713035474	35.2978464206423
104.200892296522	35.249822228499
104.306909611651	35.1954918447496
103.587364187971	35.0321706249717
103.885581871384	35.4650772240373
104.124025163511	34.4751649682555
104.196025790929	35.5517265659341
104.054313380481	35.2191021488697
104.142809283716	35.1882891176586
104.256619202009	35.2330510206568
104.189356567573	35.291482467477
104.010795918526	35.3218006889427
104.095056557353	35.2258788846829
104.157926748009	35.2777581442275
104.100773541512	35.1702976561916
103.661625638768	34.7626201525746
104.221892569626	35.4891674674055
104.010863003311	35.4724142284199
103.943543932653	35.3141177137395
103.802398022308	35.036540776209
104.145481536798	35.5306390010641
103.511055251715	34.909006102559
104.014855116308	35.3310660982642
104.109576599943	35.4060198760293
103.995269050119	35.192513552483
104.138276802399	35.1931121845896
104.153275425299	35.3291701868833
104.346886549567	35.004876239827
103.968794308423	34.5642910963252
104.093198976621	35.4858610110573
103.967016146142	35.217100320803
103.961660607378	34.7127836190463
104.008881761958	35.3313565625346
104.128411094562	35.1774974694783
103.799234960532	35.4043437526262
103.698727267829	34.5600318728854
104.061717439518	35.3829982880351
104.052002630842	35.3430263834803
103.964688449714	34.9817860379692
103.999173318443	35.4930013449028
104.30624131367	35.1096862624191
104.253367043045	35.4441431267008
104.140361284457	34.7801320921115
104.017150891799	35.5026762603376
103.724321038838	35.1440056590649
104.164789945284	35.2547422192491
103.860132091551	35.4969371315001
103.788295934438	35.5323448970769
104.33818547058	35.2614827563903
104.387118878834	35.3141320071173
104.067864103174	35.1721490386698
103.688502579985	35.2368545364397
104.084581505944	35.3651550248248
104.08426664979	35.2413764537613
103.732892452462	35.2251927351378
104.265003656133	35.0614260125878
104.113720203251	35.3889913543156
104.445910713324	35.0922158459577
104.126345478844	35.3543642743714
104.543830152916	35.1276132910612
104.193924974848	35.1479886415906
104.098584577782	35.3624700274816
103.832517491916	35.309365496162
104.1933333021	35.3003882098764
104.076419669451	35.3758980544323
104.072160475093	35.3479728051844
104.094180554416	35.1707513151223
104.244580967797	35.0894198128655
104.390966901581	35.1800018364576
104.28843252289	35.0805512695505
104.202241230421	35.2927992844134
104.05517878531	35.3712867642648
104.079761451666	35.3639435842013
104.029218718915	35.059264856551
104.610473371021	35.127724140294
104.074938408434	35.1843472913094
104.129752876943	35.1242193129836
103.860258786402	35.4323471750029
103.55617821805	34.7274342618504
104.22674692041	34.4572613583677
103.777887476631	34.7327611415939
104.514969996271	35.1163464545107
103.890918596329	35.4145358731552
104.538926898067	35.1235877996639
103.744256329365	35.0178366280175
104.117378164205	35.3023818217556
104.072696558274	35.3816204222528
104.088369647557	35.2011314226858
104.238413795866	35.1920775677442
104.345167838456	34.9943991618232
104.094609873297	35.389545971898
104.054032032362	35.2823630706557
104.090186827236	35.2230228060743
104.241049237614	35.2659394565291
104.016254768763	34.5683686067235
104.479389687565	35.2138470242828
104.132109685541	35.2300890100948
104.307676023903	35.0513135943819
103.999800975366	35.0452565679833
104.203752961777	35.3740008708362
104.074114130498	35.3729909988973
104.046882239294	35.3070552155675
104.028170978111	35.0590740515209
104.036169910985	35.4326061343233
103.673813833948	35.0446706796754
104.039547761992	35.2602421042609
104.179534178787	35.368010793604
104.130205112186	35.3604727962704
104.23227196263	35.395955514732
104.029459749751	35.3446322304972
104.074086215517	35.2352308167351
104.185936843888	35.1533108178029
104.525429048505	35.1160641550141
104.138602048421	35.3630762484159
104.208943152396	35.2721725948075
104.155368440704	35.2288808849767
104.268566657738	35.0958367418844
104.189651660569	35.1349618920602
104.231703819277	35.4992723622209
104.578556229572	35.1986492330729
104.084976295705	35.1816401463645
104.047930766929	35.5555051604295
104.080444033804	35.2047319593634
104.159260714734	34.4904736524086
104.22501951414	34.3954535203217
104.065650114981	35.228406110862
104.265306564474	34.4575142363749
104.211281963323	35.2457968895882
103.930501464801	34.3839844348986
104.03296881993	34.5072218667731
104.359768857361	34.8948466163016
104.108503430198	35.2036370499587
103.821205647182	35.3314486557216
104.24250208408	35.234763985946
104.154352840124	35.3308524850429
104.405822437453	35.2941807405665
103.825048066501	35.3933768275003
104.163783475615	35.3471879250243
104.041029889384	35.3875757797617
104.184588178526	35.2582144207594
103.912469571774	35.0178444088029
104.229837718896	35.3471525377805
104.405433014159	35.3295994005955
104.266001326541	35.4877128644395
103.695286788928	35.0628552887424
104.16285701615	35.2400970798979
104.361711121376	35.3295786323626
103.802280155027	35.2041289793183
104.128296663329	35.397682128466
104.118026124524	35.1217801401836
104.57671292815	35.0786308943978
103.943382032679	35.4553276692371
104.154877926673	35.318817753435
104.172933936073	35.5045985039846
104.016339915572	35.2288887502611
103.700985070166	35.1610811770774
104.219513305288	35.3824151326489
103.544143769137	34.7778227951424
103.993639324956	35.4587038641676
104.184168430652	34.4315831240261
103.512231044967	34.7669939991429
104.044172861255	35.359181305899
104.009081280406	35.1667236150044
103.769061880102	34.9127445347846
104.197322983244	35.3056032293747
104.336627199721	34.9044915207561
104.169898012289	35.1334666550475
103.66715762876	34.9902133843349
104.291742628847	35.5237384288774
104.049076473045	35.302045181626
104.116152740377	35.3697581572474
104.108957257506	35.1813436221116
104.167722847747	35.2855820813052
104.217767611302	35.1719008419299
104.12015379959	35.1747683317532
104.058473410336	35.2982662790559
104.048683239204	34.8609420081335
104.25151144121	35.0698531220601
104.249378006078	35.0561267339949
104.062570865621	35.3474809579789
104.382769856291	35.1966024472074
104.435711375246	34.5403520107334
104.197841030484	35.1008161741057
104.000013549527	35.4888458638529
104.061267819752	35.2083300821491
104.165519673167	35.2722238811536
104.047286606776	35.3051289606024
104.165058255396	35.3181634249106
103.774574262847	35.3017043029795
104.273699580373	35.3490518363398
104.145706043495	35.2896562998982
104.040602897517	35.4764432218534
104.020350788914	35.0366128553227
104.09472206283	35.479316793197
103.746987903201	35.3838959067177
103.984425091149	35.1903631115285
104.024536468468	35.4885940457349
104.111591859105	35.3788436667409
104.226009117993	35.2124788204619
104.343332095063	34.8137337442874
104.274792572706	34.442931889205
104.173538737333	35.13023081925
104.144519252773	35.3004959688078
103.880385894544	35.1570755334642
104.036301288222	35.3140887459464
104.285306778606	35.0781174068687
104.372203995617	35.2887635282952
104.009172499504	35.5327557665688
103.9546986384	35.5212154009208
103.994483959752	35.0010276182479
104.284287042245	35.2706088417216
103.941565127646	35.2863536359662
104.173541577142	35.3341640928627
104.209964821464	35.3785545290836
104.100817411324	35.4018281960456
104.041281279593	35.3700075617068
104.126630493118	35.2956674244504
104.13950521017	35.3170814603514
104.202487132219	35.3811392408234
103.824717355579	34.53013213054
104.154591529572	35.3626635615921
104.27579758489	35.0825515820387
104.02888003443	35.3326057438434
104.12991311978	35.3529618892684
103.510685303417	34.7648126147133
103.986686501607	34.497433602521
104.138030908627	35.3305837440157
104.029608758035	35.4967201895068
103.530738014206	34.7379732068296
104.042950516838	35.0723801121407
104.125229151728	35.2629306397368
103.827113836655	35.0154445350677
104.161237334257	35.3780011102108
104.230015386809	34.9731440757948
104.269608581249	35.0686915266941
103.661107100954	34.6413656743231
104.401551429553	35.1494338311216
103.998760711263	35.4957334138319
104.0455612555	35.6117697611354
103.70531649998	34.7594159121883
103.594944086332	34.9729305316714
103.835233008391	34.9984862641955
104.264135795207	34.805490331644
103.879368197221	35.1632215980333
104.523837432681	34.9397579139999
104.283391871476	34.8132162490516
104.090825723809	34.5015938179023
104.085911461713	34.7178437818356
104.277925923571	34.7188837746846
103.967679352995	34.6979043152006
104.140922118144	34.5106898392896
103.737857630166	34.9837712538098
104.047678488023	34.5456525347328
104.063431291602	35.3510304963296
103.875326832514	34.997304315077
104.194700010973	35.1950070230884
103.625271933871	35.0134119479735
103.599477703847	34.8205237512412
104.084993806181	35.5315325794795
104.018043611187	35.3884302662118
104.022811398322	35.3142330262043
104.082993525762	35.0097356487777
104.521837294939	35.173369769276
104.072280300659	35.3900356669055
103.824426483398	35.20851535866
104.012880222262	35.4643176810797
104.06823822095	35.3547917100491
104.096840415133	35.3684246816756
103.546477298294	35.0948547646571
104.16037575861	35.2916830893337
104.404207202071	34.9216216368971
104.292031272129	34.7758764761804
104.025536106828	35.4973018815014
104.016399163018	35.4809271743053
103.788916138809	35.2608655893238
103.986200171146	35.0800553729067
104.182554263786	34.4535069510913
104.255093920252	35.2589345877859
103.733274838365	35.1287165761001
104.109589915138	35.3525864673215
104.079443455778	35.1801318816812
104.16818614965	35.1010379870911
104.093372597806	35.3520462642057
104.142283707198	35.4216830542076
103.909879351765	34.9927941940793
104.422189479539	35.3801790355535
104.137336793545	35.2384249591013
103.979809656745	35.2441921156535
104.185739624875	35.3463080328429
103.90686204909	35.5554678616803
103.93974135149	35.4961764210917
103.86113560468	35.4982516808175
103.900783474015	34.4501267818727
104.062334201442	35.4014646942327
104.198438789249	35.1696078878949
104.212149035989	35.2124465177816
104.188904176009	35.4153380781314
104.215980375869	35.246603733285
104.012418826518	34.658936005716
104.463046573753	34.9095004756673
103.795681354427	35.3873807056195
104.19046261045	35.243948153495
104.164003488823	35.0085266679402
104.020155267216	35.4687766492919
104.134506909896	35.3556695460325
104.393868874753	35.1894422164825
104.176945218852	35.4100610124685
104.164202983954	35.357779792243
103.832888564592	35.4798553491342
103.723753219279	35.4055775792235
104.195726503818	35.5064199380834
104.211152768096	35.1090682390019
103.55365571629	35.3265895590725
103.693655624311	34.7937943118211
104.247279103691	34.8394416957428
103.833182210788	35.1512035475128
104.135998513293	35.3907293668262
104.117892707771	35.1906149377826
103.704991232634	35.4340876130286
103.686109284051	35.3946934125664
103.77830429531	35.4841144881124
103.459698833518	34.8138442879591
103.785305270909	34.9964738064008
104.106450135236	35.1711211186469
104.186797397913	35.2694585870322
103.765112207141	35.2959290344254
103.781278657045	34.9636370783649
104.141128811951	35.2688013920218
104.162213421142	34.8123479866077
103.660493862534	35.0314790737634
104.197091369465	35.5336449242982
103.942926823198	35.0090163785738
104.101104278916	35.3419604463805
104.003593848427	35.3485927208851
104.166978399824	35.2876882196816
104.155628989503	35.3732140788902
104.147061564725	35.518818589348
104.470495704261	35.2031117053221
103.896062140453	35.564013661985
104.326784694646	34.5125931687497
104.169205522531	35.429175679954
103.853561270161	35.3089709131713
104.079062531893	35.2158112274664
104.163812453937	34.5032763246036
104.107340328415	35.0935510429255
103.816311596446	34.9835830586659
104.070761381232	35.4889343743841
104.14186383894	35.3913345594813
104.109832752937	35.1793772491846
104.168105683736	35.5229550727064
104.079199348866	35.5151251800342
104.219600388925	35.4862454689868
104.103566862819	35.5658070661344
104.206877729146	35.2311219539247
103.791286882444	34.9773605576491
104.204635901679	35.2429569933925
104.282758427713	35.0858965408845
104.073429053467	35.1936017368483
104.24493448992	35.2149199845507
104.210751383093	35.4973027939559
103.608976941928	34.7364399534001
103.98692925538	34.4798118568365
104.028198287908	35.4755627303062
104.158895688257	35.2997184998859
104.164764366963	35.3612652765484
104.100717728987	34.4822370205274
104.16685280927	35.3752991471968
104.191623419841	35.3734059075133
103.550919429829	35.2990764413451
104.493973503726	35.1827372082472
103.937310572144	34.4042576918148
103.722216157571	34.5726310298155
103.596649886356	35.0596456200816
104.377381884972	35.3701487707758
104.066535442936	35.3642386533032
104.014863967037	34.575493627352
104.093276602266	35.2483772392146
104.26185821225	34.948220301607
104.268456826826	35.1308064534446
104.081280443234	35.1999942903149
103.964870250718	35.2932297383916
103.992510364487	35.4967352120033
104.190760848555	35.5596013089473
104.228353119028	35.2691532872171
104.200067394086	35.3675279554206
104.234262723701	35.5317434666712
104.086567529938	35.2473182333358
104.000377029772	35.0395560692084
104.156799173322	34.5757190332411
104.245224518388	35.4724568540889
104.141591805663	35.043390921166
104.236586585497	35.1886329399215
103.686333153565	35.1058540448474
104.458002669994	35.0593491528051
103.673880670779	35.1539391973526
104.218847422698	35.3754427155143
103.991337729711	35.5283702091577
103.583596422794	35.2902130532115
103.99553078849	34.5191939890859
104.482565391268	35.0858473641025
103.883055324781	34.7699262711514
104.078188791924	34.6213230947053
104.058075376559	34.5519248125276
104.260365292688	35.4963028139018
103.834963500052	35.0301205517904
104.202378743905	35.3368816585163
104.183740137418	35.4266564854131
104.171200192886	35.4304127818443
103.978245075609	35.490892208861
104.2187871911	35.3687096374113
103.974904891645	35.2187423295943
104.098945308631	35.1952183508714
103.597707896305	34.7261376985845
103.58538132193	34.742603961231
104.273637987749	35.4813977834585
103.998060525546	35.0200989069733
103.783731996106	35.2747842535708
103.867219113671	35.4913718665532
104.113344843479	35.0948806397448
104.058713131632	35.3426035747885
103.963323310054	35.0310660434417
104.229035329332	35.2137769941141
104.106903754023	35.5261875875346
103.716821966007	35.4528780940845
104.179229673105	34.5296051974799
104.460319981765	35.0712971109509
104.03984063098	34.4391504554219
104.461539524465	35.0864736928796
104.122849688969	35.3407215053813
103.810386466044	35.3166204073305
104.108865632661	35.3338625785013
104.080360920889	35.2407628151628
104.024215669807	35.2260147951727
104.263234844674	34.8037328303263
104.476421801058	35.0897555266669
104.498447537929	35.2702134639341
104.440231732898	35.3840846349963
104.102403459382	35.5150545945947
104.125906981937	35.389165650189
104.445696236622	35.4193466765335
104.510119248678	35.0095355856048
104.004393003329	35.5253835130917
104.209790109677	35.2457409685482
104.163917315485	35.2605816398654
104.250730561457	35.2318084796501
103.895432840433	35.4504452597896
104.164516064419	35.3316375515249
104.234423561489	34.6417090764599
104.126193956215	35.1474577396374
103.851098143013	34.775773706657
104.190646506006	35.2533471652866
103.915116365605	34.9880699437457
104.220088809577	35.20649545549
104.566052801472	35.2294538148934
104.151053893192	35.3825969772073
103.844398612488	35.195596943886
104.201451117885	35.2502214182629
104.175706512365	35.3852285133865
104.071259579769	35.1880735560543
103.880305931082	35.4934370457196
104.380423210226	35.2697213501216
104.288638671527	34.8141907112823
104.522117946295	35.1827846129971
104.500291018328	35.0214354084453
103.74256295149	34.8032468101392
104.146082770701	34.7604693839831
104.128610963206	35.4067519418802
103.879176417422	35.415586236628
103.531472842178	35.2584245133228
103.819586225815	34.5440724471229
104.154776105017	35.2874566073823
104.217213632226	35.1023423990213
104.045365175986	34.5183186003954
104.489601978784	35.1785338221934
104.360477340958	35.1365014135799
104.329797590132	34.9947251573383
103.542324217286	35.1003085613275
103.905872047185	34.9523721541541
103.934560759144	35.0120904503775
103.519606404269	35.0102100944038
104.008938853033	35.0750649132244
103.8794786886	35.0171022383473
104.011629784134	35.0842531112554
103.897719445349	35.4236816616907
104.14304275569	35.3135238427721
104.466436227595	35.185568195318
104.27904063827	35.3620450460938
104.16435824169	35.188124730229
103.770323994641	35.1618159123294
104.147578895782	35.408110302567
104.277690342168	35.2796116803364
103.713054541343	35.1872517650663
104.028650518712	35.4946235354744
103.865218829843	35.5009932475725
104.054948698178	35.1339914964374
104.117165151639	35.3013612837824
104.023682305698	35.4162294616652
103.929376524452	34.5013903312768
104.157160148507	34.4089115989204
104.295223338606	34.8036157387538
104.126792413234	35.2876045144522
104.076358675628	35.3712323103175
103.507541414275	34.9374489981439
104.16044524801	35.4896886620265
103.951407302927	35.5330160343743
104.152736121883	35.3899930836898
104.260076024938	35.3937321563726
104.139813752944	35.4416127916076
104.087432098976	35.1653485672635
103.88882158816	34.9410104661477
103.774044714246	34.6843967554468
104.078833669424	35.1780493951641
104.098021888609	35.2044011660993
103.896356329184	34.8382362125463
103.691523848624	35.1353236512733
103.883922452726	35.4028176148289
104.199516475855	35.3700190488951
103.94722114381	34.4488109946153
104.189961590591	35.3851781402139
103.823167912661	35.4179494167484
104.093433970579	35.2071773787621
104.143345680869	35.3722527099214
104.10526019591	35.2055855319391
104.080176936712	35.2355356560839
103.848295694159	35.2800018223255
103.984055270147	35.527837471664
103.801831094813	35.2573479951453
104.238165380574	35.0886565803615
104.04353463151	35.3312535687666
103.880177122	35.4762867993451
104.053689270781	35.5527312622168
104.196056912304	35.1546887003239
103.597027083819	35.0212719301884
103.983697152469	35.2242384222425
104.025118010885	35.0983894628544
104.265781855009	35.3924996464346
104.315861642744	35.0997166431312
104.198677716578	35.1223137298613
104.161803196492	35.2296938958351
104.084519823592	35.3686865067668
104.194658223024	35.2580099923346
104.101556243396	35.2753742225477
104.048810746386	34.7663544886939
104.157661921797	35.2931806406864
103.966158417693	34.4428644537918
103.555908958257	34.92319906777
103.682622717032	35.3598846713656
104.057095351325	35.2030679984883
104.292927902681	35.5329983046428
103.535687767701	34.7645155164974
103.520222738375	35.0009223272569
104.342454451876	34.8354115412717
104.159936078989	35.2314595055375
104.102251831501	35.1582175801905
104.168812162181	35.2701753210579
103.750988774385	35.2019437299382
104.370266296599	35.2600458257673
103.657129697785	35.3877985610085
104.297219375273	34.4269166111065
104.418187334651	34.6186246958826
104.006278183429	35.5344538041416
104.112459789232	35.2930790103423
103.765157313807	35.2920436374343
104.215427075235	35.2338924864704
104.29045382182	35.4698601075872
104.464564975565	35.0989685172154
104.049148850396	35.2507226622715
104.36285851367	35.255588447364
103.942249509811	35.4450504506492
104.124916340482	35.3296604226498
104.128939954248	35.0460258202883
103.676121133151	34.6268159699261
104.329892723934	34.8404041776638
103.88492863259	34.9021516815971
103.601364246124	35.2290997671667
104.219322120776	35.1974326189557
103.722078746144	35.1618627481094
104.136206777691	35.4109056528533
104.287238866258	34.9956333081573
104.156601470043	35.3062832493001
104.209157541032	35.2015820106374
103.866842935812	34.9149165588352
103.561196082899	34.7255455390112
104.007381537607	35.4720008098376
104.191095937971	35.3384170006515
103.55003711961	35.0575054926588
104.240478064927	35.1766360043
103.717446774123	35.1431145169122
104.002954050013	34.5708429923371
103.701139574429	34.9924361909133
103.999244209697	35.2207796019706
103.838806797881	34.9990796901094
104.255404450106	35.0467693463704
104.227432725228	35.1974002555375
103.739410941191	35.2832955489828
104.206025349042	35.2674686982412
104.176312866233	35.4226585135788
104.266915467891	35.4024319671856
104.061993219249	35.2263107855526
103.660741387138	35.2973174385468
104.184199948467	35.2255526214074
104.158532391919	35.3018989535296
104.19516153619	35.2319587512166
104.040814716351	35.2500567226632
104.039621447667	34.9964304590323
104.206418377435	35.2698784376496
103.829170294474	35.3964730888587
104.222458356634	34.4604348360032
104.228845552924	35.3575969255501
103.997647494578	35.5083188176521
104.096460096057	35.2282065772929
104.103007433409	35.3277036334255
104.461919139508	35.0664570324353
104.10086917173	35.1870148009284
104.350041584603	34.8816409859014
104.353369576628	34.5298126475788
104.196871402047	35.0693089688499
104.051735940832	35.4809515680357
104.33789168966	34.9163081127434
104.303819736442	35.2825566446846
104.447936607495	35.0093369437201
103.794865852042	35.5397380434943
103.754182414605	35.1949612404986
104.141618114613	35.2506715340356
104.116622439018	35.2791103525176
104.146984341555	35.4039736775351
104.209120585837	34.463880653589
103.868825814919	35.417684065107
104.320816015633	35.3253141062551
104.323969430895	35.0520170974293
104.498321824608	35.1885585616979
104.027168074797	35.3585339376345
103.627097681776	35.3151069610858
103.503332921773	35.1932219313972
103.901918359005	35.1567325563928
103.654469438066	35.081323633571
104.217217500915	35.4718902532415
104.135554015209	35.3425797173428
103.98130794217	34.4894775958102
104.277736581112	34.8732080617129
104.186624252303	35.2829988328853
104.052703532455	35.0353500334465
103.735341583951	34.7564529154028
104.238316934605	35.09757082829
103.941354274828	34.8204594626837
104.147503311325	35.2682397300499
104.462131069535	35.2527067863936
103.731382542076	35.208874707177
104.132685953503	35.525166190171
104.386694871992	35.2088440064204
104.384112440904	34.8775097624126
104.083653861928	35.4824891768042
103.960578017976	35.264256472674
103.667710669919	35.0428348967877
104.130258709642	35.3598931148066
104.224813068006	35.4554949583651
104.120764419205	35.2822794002967
103.979121022393	35.2836531248748
104.254797743249	35.101298600084
103.836307323743	35.4548481455189
104.083929845901	35.2476479042578
103.505912642729	34.7940104739766
104.161030136194	34.5024772210667
104.045703573753	35.4315380926772
104.127892566878	35.4165586953485
104.053192181317	35.5035577709667
103.745962207081	34.9457060871686
104.224378076146	35.4691372229574
104.181805283305	35.5343689978211
104.046785881654	35.0669817200929
104.235119979867	35.2106874544311
104.11892367372	35.4124651356598
104.07675001041	35.2442928498852
103.878752182922	35.4782963245414
103.893525678316	34.7486217984365
104.220866924405	35.2719751980467
104.158891553275	34.5480805419466
103.522159634334	34.924628381102
104.031962156094	34.5721053484297
103.622733585481	34.7745224561864
104.005431687618	35.2215149303044
104.097189381412	35.2014038845815
104.158869837776	35.4047629186171
104.356970966031	34.9388008743765
103.875627249336	35.1161160952462
104.294232252826	35.0568281899456
103.87732183842	34.983616983309
104.050238677412	34.8410294305639
104.126243070899	35.3748620735468
104.336283565173	35.2585487604898
103.849543823934	34.8389764154862
104.17715707622	35.3271763304521
104.024615633925	35.3278091330438
103.827967446881	35.3667438959228
103.816138094181	35.407331862919
104.309936354321	35.3345385866108
103.782105405883	35.3035022390741
104.223228829668	35.4520319719102
104.269118775102	34.8523476115922
103.803292222739	34.9753633328428
103.982569593227	35.5277479680588
103.606492902981	35.3234627121242
103.702588574365	35.1321385285574
103.917802338352	34.7492314720601
103.936507097851	35.0138093666631
104.051452639429	35.3409441075763
104.110504593649	34.5792842339941
104.171247413647	35.2911847099798
104.340198280536	35.1505112611757
103.847805845764	35.2732023507432
104.140767716562	35.4063473346189
104.17319739876	35.3496374877897
104.07978242093	35.3690179239351
104.531158066057	35.0619772399251
104.490900160605	35.3155736189706
104.104825870869	34.7778667510595
104.021051094926	35.4501198554157
104.077742086785	35.3702728834028
104.071341888904	34.991355866402
103.835297306149	35.3776234958598
104.533120919793	35.2050279822527
103.822648506612	34.7789755270758
104.343287338874	34.816877357405
104.12914037254	35.3225130954989
103.636028597179	35.1074439808648
103.665032367877	35.0759399091988
104.337995117981	35.3053102793916
104.355576660851	35.2601845684163
104.194301094528	35.3825355623726
104.081464509482	35.1818420591508
104.094236387232	35.041987626236
104.14841889943	35.360517163042
103.95759999074	35.3276432241672
104.415039053105	35.2893272231329
104.049451511727	35.3523019668654
104.312247426313	35.3177617069732
104.094958544871	35.5123845063543
104.202727049386	35.5160206409189
103.844462309291	34.7669310683749
103.861637349906	35.27053726363
104.525344956183	35.0359637844554
103.939904180431	35.4690123448234
104.163169236615	35.2586829918479
104.363262944001	35.0948249017054
103.938059796436	34.9874008990197
104.161142542588	35.342474755252
104.244136869129	35.3712314064236
104.083599881813	35.2411268330902
104.169813239615	35.3213119311304
104.005933463738	35.2492232146586
103.776948104269	35.22572333631
103.977604338404	35.1940622963233
104.299189323212	35.3343215321278
103.641518346972	34.9282589496813
104.015262630113	35.5178434492077
104.404347303718	35.263334630421
104.11940178201	35.2759544135849
104.466590686331	34.5648820406022
104.223260827836	35.0747737990913
104.207891773645	35.0943317087276
103.95517866539	35.3612417916271
104.143725584707	35.228351373479
104.444695337734	35.1233176737994
104.46457426182	35.200868126828
104.103911291047	35.3965066079344
104.086406204305	35.2091805591052
104.283987732326	35.5094956734962
104.278652644437	35.0745058729973
104.070290754405	35.3747398723281
104.006833259973	35.1416242329377
104.09913678611	35.1932177677414
104.120448066828	35.4078245230662
104.082616243583	35.1841638486724
104.337274658523	35.0688314827615
104.175840125741	35.3559829294093
104.049484012789	35.1797738138522
104.262424623355	35.0498265645474
104.230508594722	35.1604035780527
103.744216401134	34.9410434817296
104.413344199359	35.3571274675631
104.13745687303	35.3067797543281
104.109487127072	35.2659953179949
104.143085481992	35.3059397378546
103.816565462786	35.4285993667271
103.842323572495	35.3077047544979
104.033952998825	34.5433051455571
103.479452415633	34.8200622279326
104.197494996488	35.2433255897616
104.19176830476	35.1339351760275
104.170724090313	35.2610425055857
104.179444735574	34.610293018095
104.525913484	35.2220855843378
104.371572444557	34.906258612281
103.635801795167	35.0552828188586
103.919423924238	34.8513320540503
103.652008219278	35.160375258933
103.888685455358	35.1661328774105
104.294096663069	35.0113148926453
104.105196527193	35.2768170863556
104.033451291663	35.2882317891349
103.793875981855	34.9299117720082
104.133661848503	35.1622333222405
103.443922557739	34.9703497225905
104.130137823035	35.328805295333
104.163337803894	35.3184279471996
103.986097832227	35.533066359374
104.0063189359	35.3207171092248
103.978003466528	34.6679765386111
104.2174719086	34.8649184186363
104.599975871221	35.0695118586959
104.165592529442	35.3925405238246
104.056378569244	35.3479434256077
103.660268973921	35.1610970434217
104.052571829294	35.5003395132432
104.370718482715	35.2505871892752
104.554134054676	35.1748443019322
104.127951269722	35.2681756956609
103.466822444733	34.8027251590115
103.824232758314	35.0228579992534
104.123726784813	35.0693008803215
104.171707885192	35.2772836415304
104.629045536934	35.0731509538669
104.031781042781	35.5132546765079
104.146173657281	35.3577198692143
103.948664350655	35.2639151827407
104.545710093996	35.1172271394421
104.22218442831	34.8177145096784
104.165772673916	34.4994404587733
104.050863366694	35.3386419877466
104.228127130739	35.3668428415829
103.737969368115	34.6637091188569
103.790895286669	35.5378757282057
104.215016869417	35.3898762874248
103.973170342786	35.5826481787012
104.176743058369	35.1365682473017
104.016149059658	34.642337505303
103.868109036217	35.4669831153856
103.999002357022	34.5128849926192
104.460250625047	35.0649005321314
104.023947983319	34.5501106080614
104.222229232272	35.4751196727526
104.205170173548	35.2278687766025
104.204533992649	35.3233272368057
103.827399806236	35.2411568536501
104.153440117521	35.4385322687437
104.149487319925	35.3846427818502
104.178130670375	34.5269387642145
104.306431403314	35.2924069074481
104.117344326372	35.3732150587658
104.409757483243	35.3791800529989
103.642574440918	35.1462028133066
103.864614525217	34.9798539003156
104.210868481148	35.1421782978137
104.171587878716	35.3362727199392
104.369318186946	35.0347235733778
104.000535333296	35.1293929190516
104.162313039452	35.5105767570141
104.119440936525	35.1538321210176
104.166669940293	35.1952759959067
104.485415976697	35.1690067155236
104.023934767201	34.6013455417097
104.356261023842	34.8325487210302
104.309068451769	35.1039117469426
103.997747813079	35.2724548141202
103.644838504214	35.1389420213483
103.872107465161	34.7010766924824
104.108226676773	35.3601130050301
104.043021638307	35.2977025376497
104.185091605253	35.3617746451958
103.793991161234	35.5056542858373
104.321668797288	35.421699922896
104.200636552524	34.4480989718782
103.89079715102	35.3121669038373
104.157354907656	35.1776553294486
103.788747226333	35.293649255591
104.15811710861	35.5155721427483
103.650279700454	35.1376758776883
104.475353515459	35.1787654615841
103.615921146618	34.7939375360633
104.357925841193	35.1374099504638
103.765082960033	34.9824473000051
104.097624085375	35.352015462331
103.573184265844	35.3885984174524
103.777405644179	35.448492498394
104.264225050788	35.4630178457082
104.021447196473	34.9860155363025
104.105814818529	35.2740425953616
104.050979767992	35.4291886388285
104.349598073175	34.5034867668074
104.176732896545	35.1122306912799
104.048339988095	35.3167707716457
104.032645815037	35.0630858987145
104.110898654967	35.1921588166317
104.248582843734	35.3609551729742
104.166598969825	35.3516055105838
103.586906215806	35.3690862116472
104.026977420146	35.2065632324225
104.169511633414	35.3345837344611
103.80960764429	34.444858299751
103.986833057178	35.2747259664145
104.273613604283	35.0380341069995
103.939545196686	34.8276516752518
104.087132291042	35.1966388465402
104.138829913823	35.3448987946624
104.113524875085	35.2125373683413
103.946032923059	34.7842421319337
104.030564533833	35.0803532596526
104.075242416053	34.6048996078719
103.972083177693	34.9800876982291
104.168403962599	35.3894031374188
104.12942309332	35.402987467136
103.914105555043	34.9718293303715
103.807603602333	35.2898181421406
104.195570922065	35.3181917033926
103.759478724176	34.9311248318545
103.602742364241	34.8122734456118
104.06602465214	35.229908296436
104.27495485865	35.0548703863684
104.00009406869	35.4451450222202
104.216032896994	35.0721403745907
103.776334148551	35.4205886772533
104.126288748756	34.9736687880035
104.348783637012	35.0406925456926
104.21543430143	34.9596003201316
103.491806550506	34.7480297011442
103.687434432967	35.4724899098985
104.060600939285	35.2457306119422
104.179608265931	35.382130991004
104.165904192297	35.3743676594041
104.069065877743	35.3512463619173
104.240712862242	35.2945216572837
104.556677380336	35.2100577514474
103.804288307077	34.549245878527
104.188656013402	34.8376090863315
104.496881519473	34.5772947787711
103.604833561098	34.6443263393087
104.160456241654	35.1965907559286
104.136759922796	35.3846079394394
104.166144132854	35.2164800002201
104.202286457219	34.8145457353704
104.11571853881	35.1678529282727
104.415231147387	35.0591906109451
104.149706907276	35.4078997269502
104.085267608005	35.1821802153347
104.107964910412	35.1149368107032
104.218129306894	35.1789348154137
103.795478443969	34.7322810910153
104.508840656159	35.0399592762375
104.054615002176	35.2454609405589
104.092325689554	35.3026434968082
104.476773861054	34.6130573110667
103.633128992718	34.8005676780824
104.244618518222	35.2644672142685
104.048912717734	35.2013693228697
103.6358473645	35.0729103269412
104.124415495659	35.3649963715
103.845224026797	35.1474195426133
104.292131340039	35.1015563699348
104.21592028377	35.1602054690964
104.056134163489	35.5101925087093
104.110278475977	35.1945741762892
104.384463015616	35.2303629690312
103.993092033568	35.4888579593259
104.109069335502	35.3104927334317
103.821962858144	35.222526441074
104.032825549091	35.2533544564245
104.160746752108	35.390435431868
104.085526984773	35.1730514772147
103.623461906924	35.3994193840668
104.37622889989	35.2680304209105
104.142111112466	35.4120178707847
104.072958664784	34.9236749492449
103.907298999543	35.1011718468749
103.675513463	34.7886028327076
104.158493803978	34.4780286994813
103.754128099807	35.4728655607334
104.228288238609	35.2490028940157
104.137099289984	35.3827362149388
103.908203454968	35.1591804240711
104.12766021735	35.3396669412046
103.854847235548	35.3991002722501
103.933030897115	35.3232585708653
104.148456841041	35.4224124016876
104.161780196151	35.3597483904995
104.35694665446	35.235724423975
104.178690994665	35.1600426548901
104.252612608454	35.0588203166261
104.169120479609	35.3673012614991
103.940503283089	35.2906584039789
103.785443237257	34.9684463478487
104.392142711282	35.2390231282608
104.214991919518	35.2366221297969
103.67863501291	35.1683165374953
104.126219707582	35.395018975987
104.085971444482	35.1542314838437
104.090309682273	35.1937103118281
103.938142278003	35.1718039607565
104.230917414345	35.1244157723534
104.429377250036	35.1706312177725
104.152567198677	34.6098165749142
103.9571170255	34.4997741524227
104.202730136738	34.7782356908497
104.188987006843	35.1243744547972
104.177291741079	35.1844643375105
103.950356306833	35.3374842988794
103.851294910659	35.4703855913308
104.268525631949	35.0950650209339
104.093918792267	35.4880482398707
104.290696634863	35.4408024239114
103.627310737646	34.7220390842123
104.284912421992	35.07239552624
104.203716999	35.4544021941693
103.677911189579	35.0478230918237
104.16193909909	35.3437775165353
104.114403689862	35.3118976810095
104.373503504355	35.2164779422729
103.973021787876	35.3261664229788
104.197921711413	35.3245531646461
104.131290312664	35.1304727174743
104.001101734387	34.9303233276255
104.469823453358	35.0285943330549
104.220257057071	35.1532269142478
104.16938836476	35.1299336830064
103.840487852032	34.9892246348682
104.196226022146	35.5542315091395
103.827379498815	35.2110857904533
104.139924606195	35.2845356844465
104.108101037854	35.2799986552127
103.476119820909	35.2274766888882
104.161530000401	35.1383978734881
103.972033202417	35.2621774422311
104.154321883423	35.2188790120176
104.108134210873	35.3979205430603
104.223708138138	35.2849852374437
104.023735516814	35.2032706555878
104.059193887099	35.352181899938
104.013171189431	35.2136611360557
104.220224486961	35.4286043408506
104.182467906375	35.4308181486386
104.164681557916	35.3869019552414
104.350724790419	35.2646049342556
104.065678550228	35.2685487658146
103.981454777707	35.2445346226525
103.87104925762	35.5089315068813
104.286730044083	35.0537164742832
104.179873180436	34.5827659172712
104.132512694167	35.4549553915798
104.239171905945	35.1807635905714
104.070391212012	35.3923285197758
104.091420636605	35.2658389499986
104.202708489836	35.3713925943546
103.519728169088	34.7656807365894
103.923119419998	34.9725466011781
103.806170183419	34.9099556450635
103.864572475072	35.3860105332935
103.946864585518	34.9734320833006
104.53892686158	35.0475901983983
104.084316892747	35.1799074741895
103.782496763609	35.2207308519333
104.093065210419	35.3956892868661
104.133212671305	35.2524767556232
103.901877252827	35.5272996656426
104.281841281671	35.4653336653785
103.897315554625	35.2960856897572
104.085943457648	35.2638787084725
103.732844822053	35.2159773183959
104.408581308206	35.3749021127793
104.009356209509	34.5713753987095
104.320321330882	34.7592448163262
104.085326631581	35.3840050056194
104.226078550835	35.396385812857
103.845885694728	35.4865026439983
103.987946323365	35.3046260516467
103.774082815954	35.0168623883258
104.09699363284	35.2116935901374
103.665961023786	35.1927434735616
104.261479267836	35.4256151665394
104.002004296747	35.4892037166708
104.052049568756	35.229775039321
104.189505010941	35.1532544817283
104.448593230689	35.1994770899962
104.413048587387	35.2205925299796
104.209598984502	35.2413681297888
103.959467095969	34.4326491130946
103.939700181066	35.5359524625184
103.984577736867	34.9925260876264
104.305394642069	35.0635944676007
104.52856634238	35.080394057546
104.034251667882	35.3217387017032
104.453284491376	35.1705769549069
104.104944212356	35.3746684701904
104.103449920938	35.2509829920946
103.567965274636	34.7272336963139
104.104194029241	35.1947210888305
104.014205315879	35.0019431848601
104.012612559193	35.2053726150087
104.014839602052	35.3223207097533
104.210459273956	35.2395445685249
104.35286696244	35.2802380799836
104.251289397965	35.518629625478
103.811960778877	35.4947185769132
104.249067555371	35.4633100892741
104.055730459901	34.5083272713976
103.975080120746	34.5554214337082
104.180061626204	35.3321427615851
104.05763840159	35.1931427421883
104.045995457829	35.5105842055391
104.100982292065	35.2517010156894
104.632437989626	34.9646375569143
103.769136553578	35.2171434974473
103.839995473735	35.384382441169
104.120966004701	35.3569529281362
104.231940213075	35.1060819219544
103.947691006624	35.3111999786732
104.094809007573	35.2110967055874
104.11765730839	35.273596070791
104.233735164759	35.2142914082544
103.882194516891	35.1704765753033
104.092110242591	35.4993599819869
104.253276953624	35.238640863754
104.529180408745	35.2242399463412
104.126374151304	35.5233183670226
103.981520137931	35.5909171783927
104.115660963849	35.4159056642012
104.405074842468	35.2206309637516
104.362692874176	34.525945729598
103.780179065954	34.9601492795843
104.550913259437	35.1152936494358
103.785952037688	35.2230465503307
104.376854225259	35.2284507290424
104.221520641112	35.033622436424
104.067107978788	35.2449532111798
104.056739288595	35.2002611924343
104.197292092106	35.1388791095617
104.206381527467	35.2492123932292
104.14660277425	35.4095514189621
104.217267659188	35.1841514076687
104.352332263683	34.9198106613585
104.35456796047	34.8520107150953
104.103692474233	35.4081855778653
104.21979998741	35.0539623207988
104.183259973062	35.5342173101509
103.995751252078	35.305556523676
103.973095047049	35.2204796100257
103.873131344212	35.3213843630865
104.17044052904	34.7405753879998
104.177029807214	35.3034588275573
103.932733678513	35.447779547874
104.496490920157	34.9489832888994
104.123209559163	34.8182715227232
103.814215112303	35.3671209511977
104.357748466068	35.0001270418811
103.517993198052	34.9599595444115
103.663959266676	35.0178116824837
103.601613199631	35.0184509326634
104.224387279558	34.4636120401457
104.201543632549	35.2615269332752
104.118577502636	35.3259325919124
104.189873988156	34.5740871343153
104.084342260039	35.4908807100693
104.232960821061	35.0655233610173
104.022783501416	35.2590066128401
103.921661940812	34.9454786541099
104.110092341247	35.2116646544329
104.121870025024	35.1669915303331
104.538565826658	35.0816286091579
104.110659897198	34.782791626927
103.968743707134	34.7504133850189
104.205051178361	35.0896212176986
103.984082630691	35.25914008076
103.822156180957	35.2189301932751
104.411830731909	35.1681515305818
103.768754160672	35.3802988179054
104.257413836883	35.1136104876374
104.174587541074	35.2876490085886
104.247767399634	35.5007716491966
103.61201975526	35.1305436880345
104.152575134788	35.1089159506391
103.703989742849	34.5923244600687
104.489879923764	35.0495468329963
104.450731093256	35.2175457030317
103.991032881471	35.5338437326887
104.111966373812	35.1938955566829
103.886298018686	35.4903200540604
104.103580003148	35.1050574122598
104.528721451533	35.2067532292288
104.21813940129	35.2654680981136
104.115746958162	35.2376930764748
104.481394743982	35.1899368424977
104.380785026599	35.1625693962483
104.151606606124	35.2163304615656
104.229426017874	35.219526707109
104.232977270013	35.1399354599154
104.074307890149	35.1916203742554
104.178210442907	35.1757597878399
104.089757161223	35.2553475071738
103.810108065579	35.2088320821982
103.861465294949	35.1622182185468
104.025061449814	35.0834344148578
104.443061105191	35.1522128015162
103.563887972404	35.4146270870134
103.703260962269	35.4610205224979
103.530260897223	34.7390638893814
104.094313369241	34.4006178559305
104.132014767809	35.3260281036213
104.239009976289	35.2442217551044
104.036619133652	35.5168480399606
103.613258203574	35.0765963284828
104.085368767787	35.1791274202717
103.72881461263	35.4545715648319
104.217296614282	35.147618601656
104.091170731972	34.5009800917189
103.819344937015	35.2315279678986
104.400281211214	35.4487940283584
104.121015018204	35.1177279264222
104.051554246474	35.5036365215462
104.195810399686	35.1901821619913
104.15788772146	35.2495083692136
104.215166826376	35.2915268682144
103.870589085167	35.4048591342118
103.755939116911	35.408190460058
104.176666966419	35.523025500348
104.236580569222	35.1651240133221
104.046594248244	35.206686838671
104.283466310609	35.0641614367612
103.998460949387	35.4848453766091
104.014647354865	35.0188710408871
104.016231096899	35.5710248583775
104.133707282631	35.1136572211886
104.239321226498	35.0315241698919
104.268221014929	35.4690122685514
103.785075637155	35.2676531714523
104.094137883083	35.1780345350143
104.025186420114	35.3255502672564
103.629578029164	34.7149129546251
104.548018413314	35.1806061870358
103.55964818898	35.3512893871444
104.541907395335	35.2993134727953
103.951355967601	34.7645062442978
104.10598198879	34.8556506859024
103.972715280085	35.3089600448673
104.265951260854	35.1171546166195
103.84941838567	35.4137592935715
104.157447808833	35.310144481034
104.256826638982	34.6463723969048
103.927707474004	35.2825272738777
104.23142709878	35.4869832201323
104.02236890253	35.3448729360985
104.481544920239	35.1210379142459
104.034358942487	35.3751413996966
103.937713492036	34.9937735519027
104.163022362048	35.1145000000367
104.10708329857	35.5054479932713
103.833746582467	34.7738877042233
104.176377497743	34.5841987777068
104.018529462246	34.7057681359943
104.422189397562	35.2151460059089
104.074050596667	35.1953552290579
103.685493052853	35.2080963738493
104.035222061352	35.5130764390472
104.059212579494	35.5233012498895
104.311087969554	35.0266488174115
103.678338408995	34.697243784362
104.217250261467	34.4511309836418
104.347190466119	34.8177714605341
104.444459038279	35.1837301163447
104.17308010717	35.1730434257069
104.121461851696	35.3952620246437
104.094036993113	35.3392570850619
104.148361598258	35.1828612337962
104.00057905576	35.4944151426349
103.54646755458	34.941265255586
103.840302660193	34.522418827578
104.361710049473	35.2643859485169
104.053664302188	35.1765155716716
104.23939886423	35.5016414217255
103.704555061499	35.0430412764679
104.127086434703	35.4219100062762
104.267385104053	35.3812380822585
104.427341004079	35.1766851107206
104.161176050739	34.4498822213373
104.278020836732	35.4781345998446
104.063336561921	35.242632697167
103.781239008664	35.2165277122032
104.08407170681	35.4975384007319
104.049602991398	35.3505301395467
104.191091218759	35.2104734161922
104.212422448448	35.2786450096349
104.088862434546	35.1662861302252
104.272456554025	35.2913141051587
103.968779969028	35.2694798763845
104.361377686673	34.8476248395593
104.55058913324	35.2137276908694
103.814878125517	35.1584966772231
103.876866005233	35.3258550183944
104.046121353082	34.493704324178
104.080802187167	35.2399648330829
104.193392198447	35.4905034585102
104.228252196538	35.1051536025602
104.114551136546	34.7179892311282
103.968446632077	35.2549180219135
103.816201719466	35.1442668757936
104.205457017248	35.132078230797
104.15716505599	35.2810857537808
104.149923666684	35.4574244544485
104.203720958758	35.3394678738788
103.891259516839	34.9425444760192
104.312941266814	35.3223397379665
104.22760081112	35.2637890481888
104.114187644947	35.1521691808574
104.072643054762	35.0445293759918
104.09859347412	35.3911865310498
103.561977854967	34.8859983779799
103.798923490044	35.292448360563
104.211722792356	35.5082440642319
103.915570578672	35.3282704484009
104.258529768439	35.2450091497621
104.12170217651	35.0536742539441
103.94683776033	34.7408425751306
104.076290101879	35.1559609030535
104.285062375951	35.4473431225615
104.06652237335	35.3686320198645
103.504563248086	35.0317167117348
103.648884141846	34.7487718392979
104.370775520404	35.1038667923635
104.036765501843	35.4028965774116
104.126241277347	35.2954089585477
104.036110815458	35.2033651401165
104.089527150158	35.2042262335567
103.803360253058	35.066177721653
104.00859480269	35.5081836796535
103.979505475198	34.5191352812104
104.351588013616	35.0984871239029
103.860415395414	35.1594929189197
103.841068073486	35.207533722567
103.622075241522	35.2931877042977
104.322146134044	35.3245633054715
104.205741034328	35.2648665937749
104.254586249467	35.098137223014
103.453487583579	34.9216413280092
104.156902591683	35.2209029383135
104.157037643657	35.3986347361053
104.029028318623	35.0774394728966
103.906011932956	34.9373037953638
104.089907263496	35.2508019450968
104.054877767934	35.3444936742825
104.143055362926	35.2710223923024
104.07429491067	35.0598210708634
104.034345460006	35.4829421699886
104.502737230937	35.0118845543876
104.518911118026	35.2124140018656
104.158559174144	35.2358542916998
103.648066339247	35.3375060491354
104.22345719957	35.1768083305851
103.686623773329	35.0486094467496
104.2199254163	35.1075274766322
104.211795377967	35.3369274124988
103.51583603681	34.7774695244909
103.749180773359	35.4777808858497
104.39835947863	35.2150998439036
104.003500019988	34.8617461936297
104.130203474504	35.3842336410586
104.142865399561	35.2794123856708
104.113249659447	35.2654651219572
104.120627837143	35.4740380929738
104.155395350462	35.4180910309142
103.750423865688	35.1371627863609
104.11265083848	35.3896276775366
104.325953712237	35.2575867749859
104.212798749427	35.0983370738697
104.149301310466	35.1866113731676
104.213607380205	35.1510112871228
104.414076791631	35.0813551294618
104.103290078901	34.9622071431144
104.121001542303	35.3776279714052
104.029881999378	35.3976475519827
103.983415796038	34.5493818762986
104.343418092673	34.5064423029244
104.129200458655	35.1853592809552
103.747298330018	35.4373304765115
104.536691874712	35.1951429557315
103.446327437258	34.9651110684256
103.792409497903	34.8714298952147
104.044500881705	35.4036551664834
104.180900545999	35.3233593638759
104.427369074267	35.229292018366
104.125110707731	35.4000672565857
104.293707910308	35.2986063593189
103.568090076008	34.7566238416998
104.038936676027	35.3415645421974
104.110167605937	35.2381742804653
104.351878335734	35.0762162962758
104.045777090482	34.6751414376608
103.759932806667	34.7800448063996
104.150740104456	35.3951661398826
104.067233903727	35.1794076717846
103.842019060601	35.4784073952552
104.094226916264	35.5248465351443
104.041241333184	35.2332335763692
104.159020097126	35.2261649929439
104.071652750254	35.4979371536163
104.20353411542	35.1659146220653
104.127703524342	35.2941300129329
104.179524812298	35.2933496921612
104.097346252912	35.185190307508
104.167773368841	35.5411485077931
104.032701959747	35.259940159635
103.931901972424	35.2885662217812
103.7405658527	35.1828844584838
104.141682641932	35.3716433378723
104.157104099938	35.3164687560487
103.633282226597	35.1480803348874
103.864678951138	35.1593791115098
104.323177822505	35.0772010454294
104.1838747613	35.4523921493938
104.169590376026	35.2651254438087
104.071530192917	35.3680168217578
104.135326169072	35.332972460162
104.067786659512	35.2381236961374
103.998612687061	35.2729425205398
104.203530456611	35.0910184185692
103.865109807203	35.472759648291
104.136782116715	35.3431203891262
104.14590638489	35.2759088349873
104.088639766972	35.5099413090618
104.36027578772	34.8838851035079
104.468878225218	35.2100130522566
104.576256314939	35.1907502686557
103.969606995474	35.2210477744184
103.63172314859	35.3792536222519
104.134031029252	35.336455035841
104.152197385035	35.4335709367126
104.048913847644	35.5575043250029
103.977711225361	35.2758606731411
104.011372752604	34.5249278918587
103.747881356974	35.1863019562173
104.151006573067	35.3570578876924
104.137361445338	35.2225784378098
104.18291014245	35.1871466593001
103.849868458018	35.2417551353057
104.180477781325	35.298646213237
104.182026176439	35.2714084391467
104.143782192127	35.2937367524566
104.151994010612	35.4162465366218
104.205447615763	35.157810172749
103.562340748135	35.1146118489318
104.252334492206	35.406825715957
104.117101702347	35.357143442399
104.159570520555	35.3405172988247
104.06918889135	35.4949642214279
104.088325917384	35.2251345312801
104.190963559358	35.3140287418475
104.237319913701	35.0641180002735
103.821960782443	35.2517902092343
104.280903062423	35.3310455396552
104.15830773622	35.3797326062795
103.841324090975	35.2742791751083
104.015174364272	35.3125780743709
103.691747710186	35.0439512621107
104.245160118813	35.2403639591356
103.447859245449	34.9636756856854
104.201403376576	35.5671089195929
103.977536464964	35.2877633325331
104.318988454544	35.0789044670177
104.10934304893	35.1900954803894
104.466993742171	35.0439252108918
104.096341853793	35.190823518056
104.367782572517	34.8733650676388
104.381996353331	35.3833639582786
104.155190094728	35.3353836618263
103.67113347752	34.7683395994841
103.525944726408	35.0749866828653
103.994661346131	35.2142030485755
104.344450772958	34.9304447703872
104.15900518691	35.3052777491156
104.179740162778	35.1512253544285
104.617444054553	35.0777330435022
104.534093638792	35.0544994272682
104.314202451152	34.82655856173
103.998856552499	34.5621336027039
103.819938717839	35.5065707861109
104.372425180182	34.8050780855612
104.04967820597	35.3663537070222
103.880665281649	35.450477406631
104.121902156675	35.4205031482498
104.094606155593	35.1521436527223
104.488385461993	35.3212879105346
104.199010241844	35.2455013825683
104.166825296056	35.4042539160416
104.473987715976	35.2700195378664
104.365238221133	34.9600249423585
104.198546676901	35.1206088201878
104.16777114835	35.3230725289632
103.874491185391	35.4901774287368
104.051451653284	35.0119154794065
104.091498458644	35.3577987682771
103.826459602221	35.1732516160045
104.011408594275	35.4672082834798
104.092228631283	35.2243162773514
104.066231027023	35.3734500977937
103.922258072639	35.3073291641345
104.085559271452	35.3857144518316
104.280618945135	35.3603193662965
103.835351228816	35.1786644724646
103.94718312417	35.2895238602263
104.088059968337	35.5133154468998
103.885473442487	35.1568025981584
104.084083265086	35.241303299157
104.056270288194	35.3667119315348
103.849622176156	35.1674201007919
103.820724828237	35.1524366780497
104.325093297584	35.1293557910167
104.121566539092	35.2844221412479
103.815931360488	35.0388140187211
103.891301523132	35.4275695084459
103.902158801412	35.1690480559772
104.173732359655	34.4126742716509
104.125740407984	34.6945982243368
