104.191265906728	35.0354481992292
104.524972110516	35.1276479228088
103.47830816732	34.7388546908194
104.373177578262	34.5877076364411
104.247232793935	35.1272361277756
104.472143556044	35.056529061896
103.901327320035	34.9326328731549
104.184116525501	34.982183557938
103.706812078621	35.0693089372459
104.183133841875	35.5060752569421
103.46866675999	34.9623556842966
104.198325774972	35.3950693710468
104.04389860898	35.3501154026613
104.453062545722	34.8084333635503
104.609155010574	35.1615254202663
104.260653623663	34.9230353885311
104.528451234031	35.1864058854143
104.027188639576	35.5484824642084
103.784817601275	35.2393905795351
104.049714895042	34.6776673501135
103.923053429513	34.4861878719828
103.895945725956	35.4820195388635
103.885321481978	35.4645434908137
103.473169548047	34.8814988531491
104.246421173127	34.7667827257629
104.471051945804	35.2056912714889
104.015697479917	34.4167419623791
103.515261203339	34.7362842209158
103.994590684104	34.5688239469763
103.852210781563	34.8401234318012
103.785223761511	35.2297699408541
104.589345198502	35.1389651877544
104.180234589168	34.3917516807519
104.198104418955	34.7691079423549
104.369438074277	35.2524664599533
104.17236406528	35.5082721089103
104.305768181663	35.4333180007333
104.519829375432	35.1737556093954
104.462170834147	35.1702443528797
104.166989970236	35.36507877605
103.869321037235	35.5313940394018
104.340375973766	35.2971301565891
103.962730162435	35.4118202157207
104.019853390578	34.5995020594774
103.459291924995	34.7649730494473
104.183505608774	34.4673892324026
103.457189344046	35.1359752002682
104.46980002095	34.7868389458079
104.095588575133	34.4128563690581
104.479874474888	34.6940942450098
103.884377154914	34.4876287042144
103.922949897799	34.8442597115044
104.37354841055	34.8277088159608
103.552163722571	35.01498461072
104.286978017458	35.0580057444299
104.220900093745	35.2234368894078
104.081961798288	35.1816948508917
104.174812806184	35.1558225963814
104.567027947486	35.2211244416296
104.252872382565	34.4456049669729
103.893533466929	34.729163881241
104.339655589116	34.5586704020213
104.132694107416	34.5836943487216
104.020535168792	34.8006566294887
103.623894581296	35.0382468538292
103.95341037265	34.4849175354944
103.763343991258	35.2103517345044
103.470628038647	35.1340807186241
104.061055306988	34.5096879551935
103.467192358961	35.301362518527
104.16259184789	34.8008720190097
103.971202247202	34.4316313312971
104.428341299623	34.6396011920958
104.266373634439	34.8423273842468
104.657734082635	35.0423165209165
104.613318013045	34.8715537113781
104.332813058344	34.8914156030559
103.999946307103	34.4263080490231
103.521867606013	34.9889459326541
104.444271527737	34.8611600692759
103.823779854986	34.5459025440429
104.014841466345	35.5071124442721
104.290432375734	34.6247503299904
104.548204206378	35.1821942012336
104.519824676555	35.2158636225856
104.185177806519	35.1716800700266
103.937416562631	35.6018311225009
103.586961513031	35.3858279752423
104.00804540799	34.5233393225351
103.541912851433	35.3522773893333
103.767524757461	35.4896996049408
103.552867368882	34.7097229610952
104.326606210589	35.3345981923894
104.090938648797	35.3845950544675
104.016342100976	35.5730472338057
104.58089124763	35.1921450664036
104.464740784525	35.0804239853225
104.052559101778	35.4128539808482
104.227246421937	35.2186456951451
104.337658911567	35.0391492495887
103.627024868504	35.0751343874418
103.49075012158	34.7312822021986
104.385751900228	34.5866079734311
104.182654112958	35.433337761037
103.501836475626	34.8270171048733
104.016783422249	35.0515408101362
103.723229502901	35.45867876203
104.128847309506	35.4039822933545
103.85562287607	34.7336970385347
103.776650315412	34.5435462066553
103.87006070731	35.0005966338876
104.323281049647	35.3241433750092
104.012167235749	34.5534419486833
104.464488667959	34.9962833078161
104.340870334428	35.0203500089515
104.438207628194	35.4042292462773
103.63787921332	34.5749659294236
104.329184625101	35.1258632539085
104.336249079813	34.8429519656971
104.297814778162	34.792644400218
103.508640159632	34.946253366115
104.494137791732	34.6952827287046
103.608793526328	35.1333670407529
103.579483335954	35.2723413180356
103.631777474995	35.0164268976808
103.96195894561	35.4817937714446
104.320031792394	35.0177845738675
104.310171204543	34.989847954454
104.002874063309	35.3071011949216
104.02143514472	35.016895132037
104.170339698115	35.2784742732213
103.606542858186	35.1307803394965
104.193280657641	34.4587237637077
103.434175265885	35.1977177254382
103.789838885321	34.9769541332822
103.704154114365	35.0738073254093
104.335465991302	34.8696306193853
103.49007061928	34.804444194485
104.398637508568	34.8535522450277
104.240590930708	35.4300279281238
104.409034814105	35.0469996469667
104.261220057687	34.7047838805493
104.196260932606	35.363592532176
104.058318299847	35.5305822231967
104.187519781753	35.3643431372938
104.261812965563	35.4724108403231
103.866751389826	35.4520056975533
103.973016184102	35.4908004471911
104.16898702921	35.2028386396384
104.18008850746	35.5381461659399
103.710804124189	34.7027526041797
104.289457772222	34.4289861597511
104.526790692275	35.0500051544837
104.543824301545	35.036762784092
104.148504430016	35.5208138921928
104.566865414451	34.9017428634043
104.415446506866	35.1699204953133
103.837130161741	35.5707058168989
104.591014938	35.2573731262956
104.216402073837	35.5073647540251
104.287604819878	35.0781641224638
103.87243347286	34.7684621016522
104.191294985661	35.5158947016531
104.51994327742	35.2664183813027
104.503533761198	35.2729200859425
103.490351951575	34.92578124643
104.283833479061	35.5287008250071
104.218200031149	35.2321063930164
103.820247059349	34.7348673438337
104.274271417746	35.2528361178781
104.179221653895	34.8319104536141
104.354858110286	34.9688642349647
104.238569791858	35.1563730350579
104.291774443134	35.5049409709848
104.445384561875	35.0930160155619
104.515967989731	35.3510642623283
103.792002922791	34.6876633425138
103.938752484327	35.4676721395283
103.572256535706	34.8122682300309
104.218523543896	35.4991017890813
104.29175175151	34.6668210755473
103.79813319334	35.0279252084088
104.426553497551	35.297031431866
104.05368821797	35.3726924560019
103.522047982027	35.1260977080286
104.194520785346	35.3703655719905
104.173613272992	34.5706167326787
103.482568479216	34.7672872130896
104.047444667044	34.4537948831077
104.217570704371	34.618455344172
103.422257200766	35.0345302113703
104.418586111042	35.4132509069127
104.335367982061	34.8068670996293
104.17234939981	34.7922754973875
103.761230898732	35.2459790987864
103.539512432206	35.0331317050695
104.280963875807	34.438139470198
104.316350977369	35.5251812573381
104.223714442076	34.4858407579134
103.55768179293	35.3576169833625
104.244976175456	35.4705889384786
104.564338578483	35.1649849552499
104.322783885307	35.0074589958536
104.164255306927	35.4812032889958
103.543135010938	35.4045350165376
103.866486921838	35.4973205340945
103.731196592172	34.9904430349162
103.790676767354	35.379920732596
103.549226100474	35.3871595450384
104.26085396707	34.7076468820205
104.283589755593	34.7313892638068
104.357108745941	34.8042724478076
104.499482695112	35.2684108270834
104.027068797705	35.1024182822868
104.620252554791	35.0376292063492
104.244708027015	35.2541356576052
103.977162486054	34.5065485013902
104.252032598688	35.5213300890051
104.200604335353	35.3473632239424
104.201775560413	34.4663379981168
103.521813064386	35.0523807438178
104.094938495505	34.7983949656994
103.952314962362	34.4037996739573
104.097394588994	34.7186696439467
103.870218219218	35.5054976528339
104.239577182629	35.5146973727303
104.30679846584	35.0452642533109
104.620994336856	35.0660007389437
103.760635716642	35.3512537586236
103.485704959434	34.9355523266192
103.852061668595	35.1565090875304
103.496505506949	35.2894228372338
104.10082283468	34.5504518530118
104.364891116485	35.0856183250345
103.69716207494	35.3746342660469
104.519050972546	34.9823811992593
104.210356977722	34.4363844100212
104.40500308191	34.5445082262873
104.076542282648	35.2316947169611
104.494929653843	35.2736669416467
104.261569915979	35.1094978360236
104.054295200117	34.9627645282879
104.409158115743	35.4641054905904
104.057284265646	34.4682884878292
104.179966496878	35.4180997204811
104.298135694311	35.3796645346644
104.090408445242	35.1801083814352
104.318453930893	35.0575845290355
104.315941677258	35.1001023505845
104.379705467587	35.2050213142936
104.448135659471	35.1701681696455
104.331440148918	34.5825540807231
103.47422866431	35.2307589327069
104.356289486859	34.4974767089537
104.178261399835	34.7679688834202
104.166920104574	34.5249787342543
104.619638366533	35.0778006327215
103.708238580166	34.5585089025558
103.917391059904	35.5005034146848
104.316361905889	35.0597266483914
104.026173949758	34.8168758408808
104.548877295781	35.0489364780907
103.466517811713	34.9411506487224
104.191058923261	34.4767130380182
103.476448301371	34.8890751946768
103.534483307256	34.7516959791891
104.250668918178	34.5451657369985
104.475010948086	35.2831385444669
104.202747809669	34.4598340139245
103.845995120218	34.4770413949127
104.039503656334	35.4851604871077
104.148004015956	35.414973208953
104.39356241202	35.1786299382127
104.186456647884	35.1595449843623
103.794291172531	35.412302043672
103.991873403121	34.6637541631794
104.273005044045	35.1266233256276
103.810480501749	34.5681269146952
104.529124397206	35.0497996918753
104.315362611726	35.0382029697928
104.253016306474	35.3269730178968
104.260713970169	35.4866913849768
104.311031323713	35.2703094935246
104.08254270029	35.173934817117
104.206675087063	35.3804711777211
104.103907027506	35.5548372978546
104.242446609894	35.5227113759716
104.069472638427	34.4733560847697
104.430520578417	34.6482450782079
103.992773716322	34.6476377613267
103.498121066837	34.7914816403698
104.25196884816	35.5199302567248
104.02031097729	35.5432815462182
103.54078903761	35.0804760007226
104.187855022963	35.2702338377657
103.963704811745	34.4672747678503
103.903656604092	34.9211339920016
104.500509937077	35.2618948010517
104.265416213831	35.5324536120688
104.24256833019	35.065914871888
104.434700582696	35.2301587712832
104.043328478728	35.329045549419
103.519140607044	35.0109405627925
104.163867981948	34.8456159911549
104.145361800555	35.2593140180609
103.526375649928	34.7518350450988
103.52535182358	34.6705544834846
104.231814526829	34.4482435524646
103.542323999333	35.2293055094847
104.364925001119	34.9482663535669
104.127804595257	34.7804447261883
103.831009939888	34.5085611340549
104.367313872862	34.8049535516151
103.589860311426	35.375174713988
103.695972207368	35.2412154558027
103.992390368848	35.5315291179552
104.304870645327	35.0943704632733
104.215892795879	35.2989014656638
104.180913935504	34.8633366651702
104.517143719732	35.0003557592768
103.923233175075	35.4662930630846
104.300499409639	35.4141539216928
103.832333884468	35.5371841468251
103.612727647968	35.4094825296412
103.615706047641	34.7980327848572
104.607228529546	35.0884790530712
104.381361584823	34.9282658256812
103.898730431823	34.9113813089367
104.115936459923	35.3213505271468
104.252677899589	35.5014672953885
104.069430120687	34.4881200131977
104.243890239119	34.4424849440689
104.531608417997	35.1814019374448
104.003906262411	34.9929912771069
103.880626651918	35.5030276815079
104.087241137415	35.5390571068852
104.159999580711	35.3010832053515
104.058392778493	34.5702773998152
104.116163116151	35.1307312708602
104.279772580177	34.6743960840619
104.602688258758	35.0401444688904
104.469868851326	35.1539649053179
103.996778801206	34.5405903530744
103.557105289066	34.817838264158
103.926866050768	34.7703989258278
103.886376157971	34.8715319075048
103.726389473685	34.9255763000009
104.119384733855	35.0442548032084
103.917356689839	34.4680300311725
104.207930013072	35.5456796275994
104.138085228142	35.4409854695618
104.364671931987	35.2717724863225
104.006364497996	34.9727703076383
104.235541866482	35.2461826702998
103.866458489701	35.3229621216599
103.472338528026	34.8661861596278
104.214242460301	34.4662080025259
104.092644229463	35.5208010206949
103.971537268278	35.5430526343307
103.446951651915	34.9177325617293
104.238017444653	34.6751797857954
103.681873573133	34.6985550955763
104.475426365227	34.6657630752737
103.842586270267	34.5303787175899
104.328803340679	34.810880774312
104.156970435347	34.5125784504331
103.972820605792	35.57120424346
104.052992204312	35.2425579154341
104.162562064763	34.8477513261355
104.103641125933	35.4768659089489
104.056620433928	35.5299665213566
104.195766795545	35.1026421219712
104.451365963075	34.6188701342998
104.185273981481	35.3338305971788
103.471434244203	34.7753363853471
104.224406783481	34.4790745089345
104.277368112209	34.8468688923393
103.945975304126	35.5390533248065
103.456685366717	34.9758614904522
104.058514374307	34.5650186678465
104.081553154205	35.1967936965815
103.523309113365	35.0126122347221
104.003065095207	34.5501570179603
103.485566841235	34.8045264479816
103.978248401635	34.8097679970146
103.851544330867	35.5118695149582
104.555477144469	35.1843680362542
103.650861330211	34.6137841475176
104.556606167192	35.1961382246463
104.336443749686	34.7787827922471
104.272071106704	35.2595665562552
103.759366793863	35.2143414436879
103.970236034555	34.4722849814592
104.035354055246	35.2892904975729
104.113769865975	35.3922412614188
104.05277795182	35.5513986940303
104.475527595207	35.0472226540161
103.898830553701	34.8134934983815
103.832191573036	35.4559205931463
104.181421741844	34.5245189189318
103.505815985602	35.2811970294135
104.262492542862	34.6576720860011
104.375292988937	35.0019406681839
104.221209684756	34.4240661868017
103.540776668387	34.7119517189195
104.321472434285	34.507375201041
104.091206522065	35.1918992980889
104.264337847671	35.2463558569725
104.171929905432	35.5117973294513
104.239731154908	35.5325350392092
103.586625331723	34.7357003851519
103.851329310957	34.7717692642941
103.782058563372	34.7373254017144
104.331633984381	34.4649568813792
104.083903482895	34.8632860969241
103.945376300397	34.7246993980245
104.138111333524	34.8645910321991
103.661708210983	35.1504300859643
104.07357087358	35.395975744952
104.119118623236	35.4190613625386
103.486019243559	34.773231881898
104.085873270003	34.9448996942964
104.137505286744	35.5006941395125
103.893626151238	35.4496768305729
103.790633965185	35.3312272794437
103.509685772075	35.235130172968
103.701382895258	34.5403927505673
104.02387278804	34.5413282831584
104.450047891286	34.6325853886375
103.498043203782	34.7784424653929
104.245641553285	35.0786168741552
103.862777296924	34.3996633098631
103.558023494196	34.6345762864274
103.93584430034	34.4878074958957
103.923539660765	34.4543760251978
103.512333099544	35.0958565900579
103.978329758783	34.5511288525106
103.540770120769	34.6886758206356
104.035898073424	34.528523710706
104.159699184743	35.4283175060051
104.394985363969	35.1876966503763
104.331504961958	34.7574291322721
104.040446477262	34.5061048329622
103.467006783363	34.7718640051393
103.531719231198	34.7622961559076
104.595443289309	35.0658666403276
104.105421243347	35.5218989798157
104.232560295239	34.4923166552099
103.613534946819	34.71711396812
103.591923273896	35.3674147378282
104.361827405466	34.9238396449911
103.575464524781	35.2668155970143
103.992248128676	34.5534036227814
104.088465038928	35.526968712259
104.377802486304	35.210373865477
104.391732821709	35.1162447128021
103.928163161741	34.891199832221
104.301791728602	35.3982895825007
104.388534269292	34.5773563622552
103.869235560104	34.9385660559127
103.83933830032	35.2169348759425
103.830239883381	35.4393005160831
103.883451497557	35.5032868667932
104.186977881686	34.5010824060147
104.236899316929	34.664868095762
104.49850746384	35.0707133339331
103.975850582144	34.4697888353569
104.216707695367	34.4536945016817
103.822208568643	34.5587005683228
104.004958498336	35.5012678920379
104.209147330969	35.0826668858765
104.342642739897	34.9145314617
104.033113144046	35.6270221654881
104.311204992554	34.8552076973348
104.477054023515	35.0563622261389
104.479901337951	35.3560545313889
103.489898800979	34.9506720077318
103.946862442789	34.3969434868566
103.727029313944	35.1461708083371
104.424249924396	35.2142145951199
104.409935051887	35.1184310061936
104.374737272025	35.1911635493284
103.869156169856	35.4614733119186
103.74897057607	35.0253331913214
104.009697778062	35.54646628894
103.832749104212	35.4627143241816
104.240077132541	35.2500559736314
103.885336188995	35.5223223080981
104.176498418071	35.2808694072304
103.902680420858	35.3329691725885
104.166093181344	35.5110228708967
104.602104850098	35.1385316203337
104.208795532486	34.4568093124462
103.742366181772	35.2069773940048
104.314257711542	34.9577663624037
104.12119450802	34.4160026113294
103.52149875636	34.6786177688178
103.995552284936	35.6000446055811
104.157662149873	34.8852680160127
104.116574940298	35.4083568804063
104.213478391772	35.2018165718755
104.216640042258	35.1819443227653
104.452237818638	35.0335115873489
104.373269047056	34.7718169060953
104.170057085686	34.4583945701786
103.957585980307	34.4124588704736
104.241087463069	35.2029099498765
104.144956681669	35.179348171628
104.233323658281	35.4416199993902
103.493262432091	34.9669215003532
103.976424444444	34.4785811972037
104.529610377869	35.2752764694411
104.107366347465	35.4709125133523
104.206785541268	35.3047131751963
103.900830995634	35.0615809056295
104.146741086017	35.3925034654909
104.063278125078	35.3934551125966
104.527038644844	35.2284518665628
104.550997202104	35.2081674004249
104.465426028782	35.2156268245442
103.567567109999	34.7197455189474
103.511704247344	34.7159470359652
104.040086209768	35.5816733013012
103.521280858626	35.2449651939887
104.496518303664	35.0442528322251
103.536214314077	34.9602375108798
104.016535422091	35.5098382185479
104.005020695265	34.6526583760785
104.355395600998	35.0088605080107
104.249500839005	35.2527311593792
104.190760082452	35.2694572629163
103.866148232892	34.9295029819381
103.797134482707	35.3651722821978
104.304215686494	35.264793894368
103.649334751798	35.0642333854815
104.259306488666	34.4238494688078
103.472991582827	34.7695254812486
103.907284979186	34.4968494806559
103.82967506289	34.7823730513162
104.185302327918	34.449154670677
103.422189594434	35.0569939815081
104.024312052606	34.8372839198433
103.475505194653	34.8713319893583
104.268923439039	35.3691317868078
104.486356890702	35.3015248070901
103.78581515497	35.5233862212532
104.565883945218	35.1719258256047
104.500734848969	34.6640103404242
103.465572383065	34.9433109873253
103.524836348851	34.7066155823638
104.390247729448	35.2374877838442
104.408892770843	35.2299041704134
104.373853970334	34.8359395342762
103.8785681197	35.511921811199
103.833981827619	35.4938122037279
103.920851339954	35.2922096401072
104.290822035136	35.0126350197867
104.571135240735	35.1994454949157
104.20949987998	34.4393037649065
104.239830211234	34.7084723608478
104.176842830754	34.5119957494679
104.198901947338	34.6496490663005
103.479236239534	34.8702246310058
104.246194232318	35.5207047795614
103.717833069886	34.962633032842
104.199428930945	35.5090383180737
104.081152823604	35.2294628537492
103.890520728783	34.9473644200817
103.604866700593	34.74584126178
103.978416635749	35.3249173191852
103.479851781161	34.8114264937663
103.864287388283	34.9744819325168
104.295521200637	34.4309217156086
104.332841260367	35.4152900188178
103.890300888925	35.4852892887883
104.542216440627	35.2562579631958
104.354731292463	34.8293458532729
103.81915681994	35.4074886783322
103.826018508377	35.4158755483526
104.121949127151	34.5196612593923
104.124830481095	35.4314160483493
103.559382939027	35.1361352358162
104.438508594095	35.1083458619723
103.53917683359	34.7691208379073
103.810414873519	34.5093659642353
104.222183164505	34.4595963860083
104.354453657431	34.8737039279784
103.942091235531	35.3435014896134
104.217347523201	35.2894817041961
104.016854105289	35.514683175975
104.026604440227	35.5156483380214
104.214162987988	34.4262357864563
104.499764904415	35.1778568512851
104.071349538665	34.6971045103321
103.524289717918	34.9678653942517
103.774765649478	34.9859781609512
104.167007714355	34.5500272067428
104.242312873379	34.4619222906252
104.242234508845	34.4237698669439
104.502261927421	35.012243808625
104.090371242864	34.5040768133206
104.45540854958	35.0025901815016
103.92658453042	34.5045996423696
104.228538106014	35.4804941364955
103.575171461115	34.7366146654384
103.748250028139	34.6538218025928
104.04102474101	35.4978122576376
104.618201623222	35.1200831033841
104.406723231185	35.2331488721723
104.462841491837	35.0986111111097
103.500691856469	34.9050678719278
104.269712032784	34.8730119766204
104.337900639499	35.4926370743532
103.778696854133	35.1564321611824
103.902146002269	35.4957452035058
104.192934936524	34.4315653064623
103.931384465535	35.5822971396315
104.4887281057	35.0319091224016
104.397360152922	35.3850930992698
104.389751358454	35.1131087246534
103.763159400659	35.1259996292019
104.080518427372	34.8730968595056
104.493021878662	35.0761814016661
104.499928719592	35.2559767022782
104.216009541636	34.614937683514
103.500999237175	34.8544103174888
104.026575573847	34.7146097459249
103.982621026392	34.4763781941848
104.480307386052	35.204079705068
104.215100110099	35.5320850669259
104.225988179484	35.082788571694
104.164000837097	34.4990323613954
104.258211293241	34.8820799779641
103.867411866804	34.7360112734634
103.707885580697	34.8378410078565
104.393453834107	34.5377388009682
104.511903966178	35.1596239571865
103.485824757822	34.7557267007622
104.57638901238	34.7703815006465
104.03213306015	34.8154535647199
103.586360889016	34.7524454384189
103.799867234198	35.5350393013315
104.349373079092	35.0926943494987
104.134983651659	35.3530177587169
103.854620921677	35.0332630930461
104.098818870622	35.0982369286261
104.285792425929	35.13277211574
104.229655032847	35.4194573244341
104.219644941312	35.203696042337
104.097581747623	35.183292484083
103.970660413692	34.7211995065697
103.480557097442	34.963172157798
104.339851598458	34.9713445862557
104.035584772298	34.4418001801936
103.870648960786	35.5214203912338
104.167231522955	35.3625764644721
104.510888536707	35.3757481071426
103.758072889839	34.6091679500657
104.434245957554	34.5247927853367
104.302899121866	34.4843636140425
104.61211106843	35.0595496477386
103.839757081335	34.8151750313655
103.547314080078	34.9933692211792
104.301656772058	35.032711681244
103.706346363881	34.6550905127238
104.575519808294	35.0773069920545
104.373358399091	34.9220516325736
104.251741879551	34.7125768587786
104.028747948819	34.6641935740846
104.227203835002	35.5078270218355
104.048112011173	34.4435848538319
104.316290972596	35.2930531516559
104.103296901846	35.4964494085327
104.344499417193	34.8887717217788
104.178135863387	34.593723620235
104.295080903413	35.0566214877575
104.199166929778	35.0977441293159
104.327361469525	34.9670092211896
104.578279501952	35.2098626700528
103.770997489139	34.6942990933705
104.290142419173	34.4307653815697
104.206481112796	35.5013961706722
104.052079917821	34.5531220652223
104.535565967324	34.6258661756796
104.200870245751	34.4493880234228
104.089138400909	34.5858516219111
103.562499162602	34.7398874963044
103.895915160638	35.5407344713059
104.184435681014	35.518819360605
103.953544443778	34.7055099466152
103.540231207614	34.7191500591384
103.638945208134	34.7472083789536
103.46003023955	34.9569186916
103.957075351613	34.9966699920969
104.001859376548	34.5592360253253
103.508289711465	35.0730494445975
103.849208123958	34.7794531520986
104.274949389934	34.8647221225714
104.190553739732	34.4163694510868
104.39550234405	34.8306518549409
103.757974307258	34.6357550774629
103.964218955883	34.5163842784123
104.435100427747	34.7039707677432
103.729654265261	34.7844886844021
104.498967362588	35.280837449045
103.704113839955	34.6302204860939
103.977171724523	34.3882998960127
104.426158896181	35.0128414817793
104.57251752397	35.0254387178753
104.614413358837	35.0547039211218
104.074305622347	35.1765849486076
104.112304120578	35.1715073237637
103.808859257819	35.3762689977877
103.739391872896	34.9431079633131
103.792239114206	35.3715445869439
104.015860764465	34.4132294680479
104.485806354546	34.9939789183664
104.212401976004	34.814425624896
104.415422570111	35.4483433265703
104.14799074366	34.5135762576007
103.541820989301	34.7563517876328
104.072401836516	35.4199754829982
103.958851822923	34.738212844197
103.690890136266	35.3581817814221
104.12073901588	35.2010999736825
104.195524267454	35.2046736956649
104.202016974441	35.2509348123186
103.527976626688	34.9516254601951
104.068994905716	34.7325302210144
104.01120615609	34.7116643404625
104.377411889268	35.0520826288905
104.562971129744	35.1921204212283
104.502342908265	35.0604665115389
103.992829521463	34.4073064769204
103.940216309315	35.4426510840367
103.438269716646	34.9883164006453
104.204504537655	35.2037061032443
104.330631617917	34.8115314892711
104.448723026136	35.3320492844364
104.317764635506	34.9636429973248
104.216085515969	34.4539388334883
103.984753211943	34.5405190803078
103.922290741122	34.8668705453022
103.518546803433	34.7524019733207
103.44089194047	35.1084869839705
104.510607509492	34.9223475138419
103.773574712425	34.5327791039045
104.177307714102	34.4846759745319
104.413481198024	35.2473595798048
104.603731640292	35.082037110381
103.982694193002	34.4778344341012
103.80316713016	35.5408593458278
104.207064442275	35.4978066391114
104.196759547726	34.5054642986792
104.019124816401	35.2992928199174
104.226120961753	35.0961508178345
103.782305593935	35.5454069342336
104.143622160198	35.3188007311087
104.112857134501	35.384494865267
104.086148942897	35.5802498875811
104.380332594811	34.839611970284
104.108423355051	34.9295075874009
104.576222769842	34.9673393733824
104.47179182342	35.0208585876837
104.360726285461	35.2788340690358
104.085670264496	35.3822393269345
104.367278287201	34.5382850860942
104.179621210105	34.4174027646127
104.357714836876	34.8748928534258
104.455591492476	35.4056009742304
104.317747446075	34.8809917382888
104.0051729579	34.4998713484405
104.491967976406	35.1944617921849
104.461498429456	34.8249740981894
104.113358972903	34.5072221599873
104.257026816421	34.4108449385496
104.448670824545	35.0448773066895
103.736208302548	35.2300478116232
104.502638976962	35.2669296381418
104.005422893495	34.4812998005118
104.322154166276	35.0688037357235
104.409554788809	34.8369609351665
103.465693068165	34.9400159107505
104.313067235606	34.8956088382923
103.453060563675	34.9456339954931
104.161347995855	34.8391782753758
103.595404079381	35.0436550726742
103.761195879855	35.4912514351682
103.836228059231	34.9510131107231
103.993148968391	35.5595152449014
103.804538729579	35.5435437802097
104.05930352094	35.0078979958956
104.41353717158	35.2554060734087
103.961873534089	34.9668605557761
103.921476559656	34.8101644387296
103.842734303445	34.4839248684796
104.161275930052	35.3478758486982
104.23526350084	35.451828844659
103.484239723206	34.8312791702054
103.888749210773	34.8147278804809
104.312818907172	34.9456775710091
104.279351279128	35.4321369038913
104.00663111259	34.4936456088627
103.759456379141	35.4753348654874
104.215027930641	35.3658586123985
104.542099161038	35.2023800544446
104.128161086998	35.2356023893885
103.532076438361	34.6880791000148
104.166346933151	34.4445576557013
104.223802310747	35.5456837787092
104.053991528487	34.499321774544
103.976836825433	35.3267080026951
104.494410588322	35.095083400751
104.068505101224	34.4493466245432
104.084214288929	34.4772548626076
104.368631815285	34.8633989567282
104.380308044258	34.8464513898564
103.970300718578	34.4681213313292
104.215354517907	34.93696590894
104.433006813327	34.657676937305
103.766571583224	35.1785527840361
104.007889492585	35.3241644716873
104.529136331863	35.3050306694432
104.001872141803	34.5512821393905
103.842091106407	35.4964384309555
104.475392223357	35.1597815997867
104.22453404052	35.4806098840188
104.191582200353	34.4801812718762
103.988152249478	34.7116725138632
104.151681544956	35.516428601419
103.473074055825	34.7573139933482
103.531375692667	34.7650465169655
104.216793559229	34.4409761890752
104.359156424438	34.8806679144503
104.215608702415	35.2259633040616
104.060788328832	35.5141525315958
104.04767716645	35.0763522341488
103.671195311944	35.0339465913438
103.72595530551	35.403326794802
104.293539324831	34.7747860902896
104.171036428703	34.4619055829938
104.568918327671	35.245407346709
104.518616123708	35.2109487632514
104.273178936721	35.472105084992
104.220984049022	35.2539011281332
103.859461742713	34.8264061514527
104.367460555992	34.8878814705686
103.931137435393	34.4669185624217
104.531204599443	35.006761352445
104.233049202367	35.4071057488285
103.775099259811	34.8999308460676
103.679111576124	35.4229560683659
103.598087026333	34.7568251079363
103.964070413275	35.2500923832327
103.934801411414	35.3488295602309
103.736573467148	35.4039380192637
103.950375390418	34.5021960780465
103.594108971691	35.3794628834861
104.424212279893	34.9804480224672
104.313602334429	35.0077967318312
103.921924601668	34.4950819693234
103.921834547519	34.4886073683895
104.253911750427	34.8852428261196
103.754361463879	34.6748548566692
104.132899827572	34.4061460490059
103.883660470882	35.5073568404031
103.550486280948	34.7439750648057
103.578922575848	35.1237936719733
103.792571017324	35.389344634526
104.293839780002	35.0141060059583
104.58843107782	35.2058952295638
103.72786954734	34.6970806527342
103.57119388088	35.3616871207806
104.525803012675	35.1265118153512
104.17870791139	35.4941212089793
103.61859100966	35.066658357699
103.511449459019	34.9998836030134
103.690109551669	35.5412094936756
104.00456042221	34.5243642952779
103.508855210513	35.0223538825838
103.43964922707	34.9584371261635
103.936215349582	34.4245477893505
104.483669370109	35.2667242521592
104.41278843188	35.4256451089875
104.409805566073	35.1678409837101
104.132257553346	35.371354565404
104.117787748419	35.3824098024106
104.631385339437	35.1201715200032
104.493189212813	35.2884183924582
104.529290730733	35.2386409436405
103.587813153154	34.727846971527
104.115837584548	35.2012082101592
104.183017347305	35.1584161617627
104.122349993993	34.8302127318915
104.280877795561	34.4112304960484
104.438843895453	34.7818884701042
104.263255948047	35.4940602379968
103.49678942278	34.9479792521835
104.325908475996	35.5283879065609
104.018681625362	34.53204223514
103.725160741061	35.3858218387238
104.026697713683	35.1673909955134
104.02264378729	35.3021395674727
104.286379422985	35.5176863602705
104.108290305024	34.7587164866487
104.476349577118	34.9595177851772
104.339340041363	34.4480854687053
103.518245154709	35.0719700990111
104.589206212216	34.8547080616391
104.21306889875	34.4741664374657
104.162928693845	34.5895319652146
104.024537189136	35.1021154124357
103.999815294644	35.5333152838819
104.24413553572	35.4968536524042
103.980802192154	34.9874337835769
104.417299164192	35.0735382660709
104.307726697951	34.7351969153298
104.19859727404	34.5757220899842
104.546333685155	35.269440246864
104.187849079843	34.4793381339233
103.530240982138	34.653078899883
104.181566191322	35.4978426460231
103.785705975935	34.9404571172941
103.967953112471	34.496903401857
104.077062451388	35.2620591734975
103.788895814025	35.2222168766408
104.541334533248	35.1852421365877
104.46940531378	35.2300031304096
104.277501015035	34.8719892583776
103.983008152951	34.5522598739388
103.938796830819	34.4957125057721
103.870706688542	35.5082796773938
104.218050811743	35.3848139650597
103.713705262647	35.1654009417902
104.209747512066	35.5088783277344
104.124139571427	35.3611407985446
104.353024455671	34.8046060231329
103.497781034251	35.0225990371313
103.463306112826	34.8750579264622
103.547422649955	35.3924771920676
103.493232230322	34.9783842601584
104.048809099593	34.6896514169487
104.514313249515	35.2593439470433
104.152569418235	35.5683263490855
103.784075147296	35.0253016210917
103.993845190997	34.9631262109499
104.078250550407	35.2556192290014
103.942322925818	35.5154816407939
103.585268205834	35.0619885418492
103.721781351885	35.3172638069635
104.072325008787	35.4245929546702
104.343386100759	34.8858754717034
104.556222703304	35.0648202808348
104.243810131866	35.47745596211
103.519084686997	34.760512021667
103.643523433521	35.1791106208101
104.562177418417	35.1753399924181
103.729471815025	35.236552648952
103.86437195642	35.5426394427633
104.104361251607	34.5583420273493
103.988109457545	34.716786794497
103.460590089789	34.9347115463116
103.956044551009	34.8593979407189
104.36791034832	34.8231847663196
104.284905395228	34.7598413176694
104.403136844636	35.0624322249563
103.575889483432	35.4327478310024
104.203151490568	35.3446270010473
103.831936696005	34.905173106554
103.551314041375	34.9525154360413
104.242287153647	34.8248946991156
103.493122658721	35.0296570944743
104.589769599058	35.1002046052066
104.058696523104	35.4167576853967
104.504839693605	35.1688348801992
104.192725328908	35.1518787634761
104.321238524569	35.0331886966233
104.001154140721	34.524909206874
103.561167747552	35.0081367786659
103.565573798406	34.711696642536
104.336615349311	34.9310325098387
103.736128492992	35.1890845147322
104.293349859796	35.5123957703408
104.599917245678	34.9027785423456
104.383545483141	35.4855036455118
103.539164325724	35.0483956390573
103.515021247398	34.9137763258713
103.97897280817	34.5691791561261
103.694436063129	35.2238824382991
103.48464019015	34.7748368157932
104.330710701937	35.2829417643741
104.40739005938	35.1417019991127
104.30735055692	35.2767565444181
103.970833943684	34.5740149140695
103.499284545732	34.9845805982187
104.368954649352	34.8878551587301
103.819699115066	35.3966324840106
104.253244359371	35.479435219662
104.239530962285	35.4045542522349
103.88600548566	35.5305907643264
104.245366018019	35.0550094577116
103.663524128457	35.390839190022
103.785237757164	34.5283378723139
104.476319909407	35.0287608726277
103.829411977551	34.9614981266881
104.052438769802	34.9872522391768
104.470139119066	34.8130169486118
104.449392491387	34.7560712697549
103.667463157718	34.5811067942695
103.920475660189	34.4158807147778
103.452645980933	34.7802323906577
104.130620965436	34.8769555979892
104.292198637475	35.1346145065136
103.486596706412	34.9049820275601
104.005607246219	34.4654269661498
104.137953297152	34.8915772799114
103.649247801403	35.4105962838387
103.92409921978	34.3997893596386
103.575312995417	34.7311976602175
104.007232003923	34.4028704822084
104.493451639764	35.2237470994214
104.184083054675	34.4888714068603
104.465424672878	35.2383464724035
104.162632418099	35.4821589491025
104.217791043763	34.4529080779391
104.12115766821	34.7996732891445
104.431378043696	35.415806384074
104.267267487929	35.5384259934726
103.917491036486	34.422084212472
103.542941816288	35.0256547314819
104.210647841365	34.4530906904253
104.299948150658	34.7938605467138
104.167217457438	34.5827572633194
104.382662556182	35.237406398405
104.229621472823	35.3448076753148
103.779009371779	35.1619030649584
104.105747766854	35.1405919477195
104.45227354217	35.0991335502662
104.056323841266	35.0595609918011
104.060200644546	35.233676675613
104.113330336275	35.2698633370488
103.626884184359	35.3775906405313
104.250078278543	35.1458142334184
104.217798318875	34.9948742337872
104.006854065209	35.32959410444
104.269235466815	34.8841831084376
103.778830146103	35.5174580413225
104.328370787997	35.088543910677
104.32499269485	35.0145256645905
104.481235767408	35.0846540323991
103.862878336291	34.9155164910686
104.268909661721	35.4935894458189
103.98057490401	34.5230854506155
104.081646311464	35.5269984903084
104.131125366759	35.0474432250583
104.13817186567	35.419457040559
104.531804344415	35.1801125370657
103.822170569287	35.4873638324481
104.258701008974	34.7285042101814
104.197984653114	35.2657945882713
104.278110494917	35.0281055330543
104.382582562424	35.2097333628872
104.016093398281	34.5955387668167
103.674207092714	35.073800345559
104.280653488037	35.013161024611
104.347899120343	34.8279306312952
104.108571322175	34.8556855732765
103.580679679789	34.7467141851497
103.703203736233	35.1483138444244
104.069319707325	35.1703689442657
104.438912154434	35.0783458654769
104.038366266364	35.3170863997095
103.471565901106	34.7864675963592
103.884987924854	35.571829653855
104.270853929264	35.2526048363865
104.038940052683	34.6457974131537
103.485754674919	34.8267045598006
104.539420660333	35.1787688299576
103.777472028133	35.5431691382597
103.985280958737	35.4803599684587
104.2209691506	35.4431142417881
104.328050067343	35.3931716064425
104.171156797866	35.2827224323873
103.960356506625	35.4929208151725
104.042715540281	35.6013137217599
104.485045777996	35.178800226829
103.561550664092	35.3056387933717
103.759990682749	35.2244268045324
104.273790606091	34.7976171221
103.488796103472	35.2546926072501
103.933350848872	34.8804938120631
104.245534931972	35.487832455982
104.131523166392	35.1877954201569
104.215975105745	35.2387935977175
103.805124204666	34.9517938172288
104.359400571418	34.8705944245024
104.533029630853	35.2760073136475
104.026209855991	35.5795323161576
103.583038628709	34.7437485368767
104.581501275043	35.0525988391359
103.644789630602	35.0093159792976
104.115280254931	34.4239445820953
104.31501783384	35.0233800188585
104.548691446627	35.0580743496235
103.994602332487	34.5159482539421
104.50928002709	35.0350722249627
104.16922583439	34.8218093312766
104.189725001812	35.3769833587902
104.115609165629	34.9030854733605
103.79027994832	34.7113831605742
104.477923853015	34.9925231248317
103.864362230385	34.9483993994729
103.819402644266	35.3508472417171
104.048744032432	34.5453473443248
103.501651626818	35.3478512801224
104.331334384914	35.0534511828586
104.264009386002	35.4925524849569
103.903249031194	35.34636079505
104.245978601856	35.2408806131141
103.854475049126	35.3231832012077
104.041123839791	34.7274644805676
103.507022205625	35.0934422874316
104.313553185451	34.5068041220575
103.987497320134	35.5565346687727
103.523622476107	35.0245371889368
103.67911765823	35.2030499624971
103.839094130262	35.5432174457952
104.362074097503	34.89528572485
103.800955836319	34.8853956335237
104.102096588284	35.4660282558879
103.779655951186	35.0739293713481
103.932633804192	35.2912434070521
104.176033351464	35.1242879607886
104.588530759503	35.1791890727771
103.910075126462	34.7564243328005
104.303521932004	35.3939252189615
104.347268881836	34.8876230511127
103.87991951427	35.4863565247895
103.531849310903	34.7389792064725
104.265463682643	35.0703142968809
104.01179255839	34.6710039847747
104.200186021486	35.4538714261706
104.168366165956	35.318662291101
104.033358104321	35.4850223033192
103.550968714435	34.9386840362304
104.484297956448	35.0413910589419
103.971472952116	34.5004235773215
103.543632830891	34.7049062215656
103.845972964399	35.3920885716525
104.534631835904	35.3006270438783
104.251407561137	34.4815400126079
104.555269494558	35.1821150401999
104.474259412709	35.0483589265559
104.191725611464	34.4516923380718
104.463725145295	35.0326719228061
104.190582635196	35.2553049211788
103.999326896832	35.5171936984819
103.577648139086	34.9751273871944
104.354956838538	35.4896465870759
104.206048585572	35.2306610195957
103.955920616302	34.4767233040048
104.295881747726	35.5149541035485
104.257238085487	35.2458919616816
103.677315217361	34.9885602341617
103.951750576163	34.4533327150746
104.129952652373	35.2225172445443
103.871149821681	34.9994606314421
103.75691044443	34.9920590387349
104.20144037961	35.3787354486733
104.397155428407	35.1010080092493
104.030169455451	34.8151941979218
103.55407830392	35.0330381529847
104.37014348001	34.7828922478624
104.366494010557	34.8689480118866
104.165492076743	34.5079082232526
103.99021840207	35.598163596166
103.58402210947	35.0614292794794
104.484609721785	35.0905637255276
104.151622371983	34.7988587455568
104.427875773508	34.52807047856
104.496665447706	34.9916254326975
103.992249651287	35.2557259005393
103.534739662481	35.0292293551738
103.521031582753	34.7026366210827
104.52880271367	35.1816541612032
103.549368970727	34.6366396377182
103.921192213971	34.4517293455386
103.457263877227	34.9835295463342
103.639110356622	35.1934462301889
104.553560805777	35.0621604182632
104.136101907711	35.2782465039095
103.983616490954	35.5096886606738
104.202621708881	35.2714504870721
104.05377314379	35.363674929179
104.337388715618	34.9071173015545
103.887444155641	35.5181572554049
103.526277780191	34.7845478655699
104.004107873531	34.4860081855454
103.477105162946	35.1150395753349
103.542242416371	35.1470295075635
104.27171958715	35.2626198629395
103.593302584713	35.052192569743
104.406935410818	35.0560000476111
104.322153949784	34.4268687107991
103.93313885628	34.7250814578424
104.517728148852	34.647751578726
104.268736821986	35.5359172282541
104.212765161055	35.2646369047817
104.061988620385	34.4455265529146
103.545331745198	34.742578532875
103.763205610127	35.4012256207761
104.242653235962	34.6777234262186
103.453465498624	34.8104559607557
104.239205722857	34.9646040489676
104.088108317828	35.4868744621115
104.135993573564	34.8058725120996
103.516921301533	35.0062539064407
103.458986692328	34.7550401752163
104.341659875504	34.9992908620922
103.911805626552	34.8337632519953
103.957444386746	34.4766754631542
104.106931618511	34.4476336326008
103.911929176853	34.4037745843093
104.302618244235	34.8247863355865
103.950104395225	35.1979774228392
103.447178511088	34.9746482860371
104.348355149159	34.9169900982669
103.924950697625	34.4268084729293
104.0149563366	34.9760606947847
104.366759272799	34.8854073589987
104.199492662142	35.3615615049619
103.791425371523	35.3824896898653
104.587814777907	35.041169561688
103.480209250991	34.9463759209229
104.252521828313	34.8701762785989
104.093858466192	35.0279555067769
103.759547496415	35.117222768716
103.495205606823	35.0167319648936
104.229479443217	35.3578952858093
104.40002747088	34.9699567998509
104.349394376087	34.823821432223
104.156153027972	35.4893232336807
104.244950203467	35.4986222029885
103.579246951109	35.1465874040845
104.531804667412	35.2807131919231
104.455759343002	35.0303540987033
104.111254829795	35.2065503088995
104.180853014171	35.112387236077
103.462513080738	35.2296218573659
104.180168363725	35.3145911440399
103.773982353313	35.3913844182917
103.53850657474	35.0297717061282
103.760068400895	35.0736685584133
103.988141952963	35.4937659782184
103.871034417991	34.9767921678947
103.543031659462	34.707610148438
103.77305189647	34.731161482687
103.701016553243	35.5420895483836
104.332638836027	34.8307251808872
103.994391767588	34.5049721847062
104.018948105997	34.6367458055363
104.175920384017	34.4603051280975
104.320079828718	34.8557029536288
104.472158573635	35.3831279828291
104.119424180059	34.7282089682894
104.021338030336	34.7588024242468
104.409365491566	35.1526012293553
104.07997568056	35.2005495476656
103.47478110862	35.0931071746516
104.087225346058	35.5421714106219
104.292522038155	35.0959070309347
104.245345506977	35.4767536681687
104.219430314519	35.3831957481019
104.423571830327	35.3134166643714
103.82127400222	35.4711751690825
104.213953916217	35.4833676269622
103.896238056703	34.7946590092118
103.810151710995	35.5359004539244
103.584833439066	35.0555024897556
103.823644526983	34.987356710619
104.122539365525	35.3923457281438
104.284065916145	34.8018746367968
103.656583303717	34.7774161164296
104.418889496134	34.6386783763973
104.487467847384	35.1917649525565
104.056458127643	35.5464081836746
103.847292638202	35.5090323508835
104.280265464253	35.0484601683634
104.045451610788	35.3711322275475
104.137518808991	35.5053808045868
104.152975150076	35.5320377713142
104.202182238835	35.2198946759776
104.074206763601	35.251255333219
104.472065886356	35.2497328292649
103.521209956488	35.0336379836847
104.108823189367	34.6898619691539
103.465323756427	35.1995347718871
103.976846158694	34.5558704253355
103.793798332394	34.8736170679635
104.220101505647	35.0885207038169
104.287473722517	35.0812485113309
104.227066714615	35.0892229462178
103.935533803641	35.3261255171873
104.172735449867	34.5273793417447
103.423826875714	34.9885111341775
103.507912391795	34.7252082208812
103.666388849538	34.5995977433185
104.380012460278	35.4073392964157
103.464120295109	35.1188560916383
103.806117941069	34.5223405272966
104.054609324393	34.6700711270814
104.42591030671	35.1980666860567
104.251844533107	35.4577646057846
104.20825583195	34.8056565990978
104.533792306788	35.2036403729254
104.551649100136	35.2413275555398
104.190022127644	35.2662556603982
103.861827002201	35.5157877159332
104.154884687322	35.4070821001599
103.93448567914	35.5279479418281
104.163064126494	35.2447393487302
104.423407371206	35.3309437786942
104.4326146968	35.2161079856666
103.407529271077	35.0013677264884
103.589375102079	35.1307331232431
103.949197028606	34.484843097001
103.500244720575	35.2725581643076
104.235689586182	34.4745264097074
104.088568504064	34.406394110427
104.25004968173	34.4530803447975
104.226043846595	35.2526028259424
104.375413250858	35.3484812783829
103.837147145732	34.832554075107
103.829064783211	35.4191945272289
104.245289512165	35.1737003791195
104.103785917522	35.1979971743813
103.539922555832	35.282034209509
104.631903183179	35.071713725082
103.981172941407	34.7358675426304
104.359289126848	35.0906501768778
104.309392012836	35.2877181413877
104.207749984837	35.4834145897544
103.68987194388	35.0472581709463
103.812417519981	35.3062227602445
104.004627462839	34.5753033129797
104.11083052306	34.8170458977722
104.30967913219	34.9042328423695
103.600698517577	34.8114458005514
104.354100264072	34.8978640871214
104.331732612613	34.9277047485572
104.093080145833	35.4834922074589
104.186431654449	35.2230995865437
104.109279063375	35.1730341814049
104.085011631188	35.3911493554787
103.986642394034	35.4844789120216
103.997273510052	34.5119765495855
104.351663855084	34.512913038494
103.983248719104	34.5097600695856
104.172293331491	34.5521740824755
103.67206943415	34.5957015142377
103.515496232859	34.6621866841522
104.349113946343	34.8753806155647
104.271953033984	35.3242774846632
104.490768553632	35.1824984217896
104.058583114863	35.5580393155054
103.463587836693	34.9827586842217
104.328385269794	34.992701022306
104.548480989556	35.0296616249147
103.619983096643	35.0613184878297
104.264249857279	35.458998188424
104.152940148719	35.3629525188838
103.996214486928	35.5372412349539
104.269212314005	35.1378195727892
104.346567195432	34.941876282911
103.709809852634	35.069861781362
103.714732141567	35.0871977619973
104.052321654426	35.3739408965704
104.065430068632	35.3952014700641
104.056919942477	35.1825271491483
103.8834623624	34.7750962591764
104.417820783809	34.8192263076162
104.091396337155	35.3822498070202
104.292851518593	34.7161836640912
103.597599028315	34.6834223435153
104.098615021656	35.3394283258487
104.118189282853	35.3722568442805
104.056718588811	34.4947536004231
103.957094553773	34.5184262354789
104.032854906708	35.4098087805566
103.814914152689	34.9897472662321
103.474697851276	35.0054558176435
103.796690963889	34.7392106480879
103.489593056585	35.0643950823741
103.54360633055	35.2219770982864
104.524278277714	35.0677946256065
103.643396544247	34.7436276383851
103.831681068893	35.4134924080494
104.241331298669	35.4491261651481
104.289719886731	35.3649950115191
104.095087491998	35.0575432415844
104.588060567152	35.1653409929023
104.247155466213	34.4746768052902
103.774329593266	34.6181863320873
104.059893401819	34.9931082772866
104.446895179676	35.0647617639461
103.625395668403	34.7560900389898
104.187785851346	35.4191062042081
103.664696025338	35.3197368453178
103.540743022204	34.71220473716
104.355477921576	34.8796908473576
103.635909492384	34.7564475752209
103.443389648375	35.1387010484214
103.663227548712	35.2260256988719
104.213809516313	35.0970897365006
104.469253863267	34.8078360540269
103.503681940117	34.7328447957012
104.123862983135	35.3783780208304
104.247387014126	35.2236213432984
104.348277073571	34.8201042734681
104.180543687269	35.2322789007781
103.822896686187	35.3437840868699
103.769248378236	35.1823534504524
104.216736763084	35.5219543510917
104.254606278968	35.2300244306642
104.100203076737	35.5313898933705
104.0139146927	35.0062626445379
103.851945392794	34.8618782661493
104.529393064465	35.2847298610493
104.187074564098	34.4386824803231
104.564389442172	35.2198468928576
103.471348677669	34.9369107510174
104.304340529657	34.8329274677315
104.105426931198	34.3856201580216
104.017958721613	34.6250235725882
103.858920651931	34.7219346582428
104.025328004551	34.6170345939672
104.172838417845	34.4930923834851
104.499291885637	35.0783860999035
104.025880388118	34.5554858126237
104.50027295987	34.6737967853659
104.12921907153	35.3299019057962
104.465481587449	35.0584671447971
104.152424670949	35.5209389318102
104.140159340027	35.2965188492534
103.508942151971	34.9066925225914
104.206878492982	34.4279786301117
104.248256828948	34.4369538343869
104.188786568635	34.4887688647869
103.567429995579	35.037791234213
104.023464779683	35.06814281162
103.767371519334	34.8413121966083
103.972984208992	35.4889712714953
104.198413329917	35.4446669661918
104.067851637125	34.7170042222486
104.578217820412	35.0705525138013
104.171983739999	35.2566731667689
103.468058630742	34.7695969499932
104.558251741747	34.6299707204599
104.000953450303	35.2085844440685
103.98554831707	35.1991841272189
103.917431620165	35.552654959208
103.610694000297	35.3541326808994
104.208061721042	34.4683884338568
103.493530153866	34.7745413300824
104.186819035328	34.7715580135985
103.507697905056	34.796663889875
103.48802257856	34.9055096710129
104.203959429777	34.420504384342
103.934708411658	34.5485993511195
104.012486881593	34.6089056267475
104.542397416379	35.1443618459326
103.975270725379	34.7085622988907
103.499628452487	34.9409040676853
104.544825693872	35.2632025170952
104.129393544478	34.4947786679411
103.473579541199	34.9785932170791
104.058932264694	35.380878359646
104.487184387747	35.185016071658
104.281862275224	35.2759206296299
104.357018265922	35.2619226547151
103.530362109644	34.9623296164828
104.285428429167	35.4163509558356
103.707008847756	35.4105407010252
104.140385201411	34.6471003418304
104.138826951776	34.6006985203711
103.45234990632	34.869332405613
103.83970018813	35.2034640130585
104.10531010024	35.3484641855869
103.534224626442	34.8672614613019
103.751985163909	34.9082241865466
104.170515264841	35.5730701329514
103.995879137824	34.7440131733373
104.185917763278	34.4089841476029
104.424338547614	35.2356706378654
104.113862007552	35.2257354045997
104.299492335964	35.0023678438687
103.550108395159	35.0367913671986
103.738406091069	34.9691505163842
104.019955988548	34.5014421954598
104.547342335476	35.1943015500576
103.951973376977	34.7478170968112
103.545409122402	34.7174592674046
104.052331275685	34.5917112151584
104.452429955614	35.3891158697719
104.057057470385	34.7593309555072
104.015520752556	34.6779080730054
104.506813275182	34.9558641771194
103.630397085516	34.7680634484657
104.234051705102	35.481757848726
103.92457349834	34.472516275543
104.021369771932	34.4806020905655
104.293859014374	34.4581189153545
103.483798198785	34.8175053474543
104.503377942145	35.272351540706
104.490973934507	35.0588207504295
103.961805272613	34.5047451440294
104.536459276554	35.2736524843767
104.456203413681	34.8234458635721
103.673571126749	35.1770923220306
104.39738956053	35.17996140398
104.105302626769	35.1747658960272
104.579661543671	35.2061987455397
104.262665202019	34.7694295946021
104.151019346326	35.4287531226419
104.429870570844	35.0676129044141
104.291966924928	35.3523254354359
104.412544948597	35.1668991619618
104.107007346098	35.2907659651422
104.173018961726	34.4497729996654
104.267387055872	34.7524720634356
103.829284018601	35.3975242088529
104.378790840064	35.3526387178388
103.863728528463	35.472838228403
104.0352596481	35.5023986307134
104.144801644692	35.3068293211135
104.458368281326	35.1723586213778
104.265128401143	34.8218234298084
104.611622259696	34.892312676154
103.48900513049	34.7792052640765
104.020685959672	34.5535305056451
103.503394891355	34.7466955449454
103.52372829474	35.0690736030418
104.14509491342	34.8375894263659
104.493414430396	35.0264310425482
104.601060252498	35.1670256342634
103.493400804821	34.908412414865
104.052504471411	34.4450893485352
104.440052229641	35.0473479693331
104.241495594342	34.9578507322269
103.657406151681	35.4167590617783
104.399998300566	34.8399031618194
103.899230022401	34.746891361655
104.036585269563	35.3586183078781
103.895806211953	35.3404515103451
103.759166107968	34.6498637955165
103.46985869807	34.774375277821
103.896096702832	34.507190733494
104.427182564746	35.4136912750639
103.941995698949	34.4760682309766
104.053250170435	34.4552707686262
104.504182029171	35.0747447222934
103.649991282713	34.6324844251237
104.098290211968	35.3454358088005
104.352868188045	35.0183198683595
103.629181105063	35.1104287867399
104.037420718091	35.4457898178002
104.266100917484	35.0966606713096
103.480571605358	34.7669130429872
104.220422439382	35.1046987853504
104.241863512217	35.2651775812399
104.541713527721	35.2015158980493
103.53303284259	34.8783847239488
104.362401805498	34.5805289072986
104.054138879414	34.5278670747802
103.976892920839	34.7338848109453
103.983536626564	34.6432758766452
104.557389781633	35.1922807905012
103.786819199319	34.9073241478657
103.615267833071	34.7789320444535
103.934141798178	34.4491504709551
103.81198947094	35.5055256382819
104.316403382065	34.8095599442734
104.247963005051	35.521248159253
103.627536121236	34.7767149856918
104.557701507639	35.1334165740579
104.172971339645	35.3173705156781
104.026073704073	34.3852416793672
103.96191389587	34.4107450805421
104.015992763441	34.6907591732686
103.871922580166	34.5061843319946
104.235178797573	35.0198449984242
104.087902347656	35.5246733239975
103.972357549248	35.550398228065
103.799957089313	35.51683596457
104.514694929518	35.1842498019889
103.533166634208	35.3116174826334
104.303411938159	35.0951879286302
103.515362723892	35.0233647126043
104.354795882049	34.5551921666977
103.647815709765	35.0247940466383
103.785879004335	35.4925688569305
103.719784962444	35.1013452050699
104.273441000484	35.4733612281672
104.128621019622	35.3853083821536
103.68792149301	35.048306603404
104.090370119772	35.5782892758452
104.160306208564	35.138209126579
104.272328582359	35.529123231247
103.563914213319	34.968103774064
104.266018528376	35.0495835177731
104.588722445037	35.0263631994824
103.541252802935	34.7208479344619
104.17687700082	34.8769393243563
104.129906136068	35.3989130435788
104.337558851421	34.91191323139
104.530087202666	34.6151378471524
104.491908013079	34.9401526400908
104.270438723098	35.5378938301071
103.811270914987	35.5203551263954
103.685301154808	34.7092646922515
104.549907924537	35.1317284044326
104.58505936168	35.0483452335099
104.242078510025	34.6660764531128
104.649643828421	35.0099967354632
104.581103153907	35.1318947880827
103.968247011648	34.6922122729246
103.908322101095	34.5190428323634
103.447041646736	35.2404561199969
103.692328183102	34.8114377589684
104.265860364917	35.0273924001241
104.2154671301	35.4849243929058
103.836064840481	34.733048224197
103.956782402432	35.5665371084515
103.485644491238	34.7523896184744
104.166692320908	35.166283512897
103.939450989976	34.7620131459118
103.815709023706	34.8477876261167
103.51787629056	34.7289324810602
103.484933179447	35.0041057778357
103.514720128604	34.7124935829891
103.45335967085	34.9719669819834
104.290965231382	35.0460478983399
104.116392971349	35.3419964302333
104.032696250345	34.4870100207705
103.486268660072	34.948997573818
104.505341575472	35.3341145411361
104.659286420454	34.999641683241
103.430807999879	35.0702238103445
104.209110904714	35.5267101394389
104.284793318076	35.4971948464391
104.571531170897	35.178564889586
103.880846389394	34.6064289481316
104.570934293792	35.1784287711637
103.776927803414	35.4327089208503
103.525100038918	35.1634568843395
103.463367640405	35.2697694537119
104.041814035763	35.3405985195704
104.2183651186	34.4431162577526
104.274700563734	35.549011043203
103.446309287763	34.9517164779949
103.851780005339	34.7214651613213
104.176904423536	35.4912717290264
104.395422631541	34.8229897761371
104.393023899932	34.8151073724658
104.410861412406	35.4237330929286
104.335108858472	34.9762630585603
103.792947037456	34.9022637348209
104.485439169582	35.0799238718167
104.216051715139	35.5204549122783
104.336619415749	34.7990219214329
103.981047072378	34.951373285761
104.3074919129	34.6088383674803
104.544181951579	35.1696169825312
103.99789726492	34.4318807112155
104.389179584367	35.3897782795375
104.037712393076	35.5537174157064
104.170006630921	35.5514244527553
104.49969553583	35.0722231038829
103.514480898235	34.7387116730761
104.17313817316	34.5928836831361
104.217418342407	34.4642518385635
104.200949047706	34.4627737619658
104.243724969569	34.8047166374066
104.237860109862	35.5228667136923
104.315749984948	34.6493532005326
104.272167439095	35.5239894359687
104.295978077084	34.8967923324681
104.238941419326	34.8642709068048
104.322778153955	35.068839302491
104.42211651151	35.396160011638
104.174657774398	34.7011063793499
104.511323732957	35.187057755628
104.170717480411	34.5443118747367
104.19228606566	34.7803481340752
104.400930440842	35.1569215388573
103.692248639694	35.0974208762674
104.243954506527	35.0688057030594
104.195799165225	34.7986717317483
103.4034855641	34.9759391281579
103.936318277168	35.3194850479286
103.538677960156	34.7637381133134
104.107226966651	35.1647166347694
104.198229344899	34.8026670860378
104.37684406357	34.8905053177709
103.912794934382	34.4382285857477
103.613560789611	35.4087083540351
103.994862395985	35.0886319528538
103.686562656862	35.413156965007
103.863134570241	35.5103771120195
104.193765389108	35.5280923159895
103.974175200431	34.9682754962991
103.768719045197	34.8751988553382
104.169144111459	35.2512745265502
104.042595154558	34.7704822394005
104.175238339546	34.6261944106048
104.141600845065	35.3754299658614
104.204250211344	35.5153040458128
104.372898430033	35.4780860200649
104.240324841857	35.5083657387986
103.891116848691	35.484723301141
104.313755328896	35.0957878668976
103.881272411346	34.4951676522405
103.514109912659	35.0478783221743
104.266177771496	35.0686676862837
104.216856537563	35.5043235070553
104.161353652247	35.3694573564165
103.843321543074	35.5021734331336
103.645383023702	35.115455175288
104.395250458882	34.8523689199826
104.393954116193	34.8938454395002
103.909720469082	35.4917298710189
104.409372294443	35.232622239356
104.108933090442	35.0882126371816
103.771505015317	34.9265574290907
104.278108773943	34.9006928227596
104.245039166743	35.0839893594867
104.195547457475	35.2401859976803
104.131447686265	35.3017120568999
104.112029393568	35.5295939746558
104.024732610211	34.7328189715158
103.719119700506	35.1474538396609
103.83513294071	35.086020526402
104.100056410579	35.5162277183045
104.303502363017	35.0470887293395
103.607113139863	35.0503284745849
104.22579570352	34.4905636460542
103.456139648379	34.9235981746698
103.465318728623	35.2467231940391
104.066072469247	34.7696679338453
104.358119731066	35.3949725957143
104.48930361229	35.0687231154601
104.073308236415	34.8253397172595
103.432264658147	34.818272847249
103.724243511321	34.9472227298098
104.252936226901	35.4140808995907
104.072397919408	35.3547391595327
103.689452946481	35.1597973593976
104.354044706629	34.950278977854
104.3287995132	34.8026617417243
103.52622744126	34.7180807888596
104.468402152374	35.1106406254604
103.782289879957	34.9417319957118
104.064010228324	34.5029441017689
103.994172853551	35.4592216059612
103.750476514962	34.585529963772
104.38046189052	34.8816120840682
104.564449672764	35.0606142011478
104.085344145497	34.7271074140892
104.37695018301	35.3873645353566
103.774495998354	34.6932258804023
104.17069974619	34.602496613711
103.977009415983	34.4275339857369
103.48991321759	34.9048603986535
103.66006287479	35.3861676883621
104.478858424329	35.0660431372515
103.98062202827	34.48085755647
103.42721504392	35.1041249564495
104.274987876019	34.6698462280426
104.025491008274	34.8316948083281
104.072637565627	35.3978494390342
103.64813379709	34.6616933809796
104.321017618808	35.007164441063
104.518428405347	35.1418917409046
104.308602091786	34.9400990159648
104.142782129657	35.3655523765771
103.491655928214	34.8389388993186
104.598319330032	35.1373829867734
104.447484447692	34.9875273077816
104.483058467256	35.0319611276295
104.486701380448	35.0546576565278
103.525457030307	34.7496729732746
104.308573531326	34.4873007532897
104.190164270238	34.4257188957043
103.591953947628	35.0746844478482
103.893131124769	34.501640267677
103.888981042855	35.5022670453668
103.742886358535	35.5608852527059
104.255496042308	35.0678725235469
104.149796836244	35.3915252070111
103.633850630616	34.7020655318186
104.280862229721	34.7308361302467
103.479095492072	34.749779942439
103.559356493217	35.0644635261868
104.506469467393	35.1777906963313
104.334568595403	34.9446006713114
104.21269978961	35.3358476999918
104.132075451806	35.4132927871722
103.884700271657	35.481255566272
104.072543863069	34.7331683611953
104.468101258803	35.1007780467326
103.450136446436	34.9674254803119
104.173107998088	35.123889186692
104.151946253778	35.364990498679
103.643659998049	35.1383942064636
104.312578583685	34.4202019821133
104.050614938594	35.5397020188518
103.909698333588	34.8925003094377
104.166562733219	35.4007250254452
103.901857082629	35.0020721840582
103.663617369665	35.1012518031477
104.371695088162	35.1773124129235
104.087764314367	34.9705080243399
104.156152657537	35.4057187417423
103.593208477338	35.3041864988095
103.901210127593	34.4691032756445
104.472848990274	35.0770343432945
104.22674069675	35.4684399339247
104.23081909898	35.4105582942338
103.846411049114	35.0087096377028
103.73774349798	35.3992011286577
103.56850464537	35.0841054485501
104.185196721164	35.2431339796837
103.496508329923	35.2254889928546
103.57486206507	34.7326492406627
103.474294840759	34.7832948993257
104.035536433038	34.790146258083
103.614089733054	34.7286818419526
104.555087858202	35.1677545387926
103.487688953696	34.7599079091779
103.862800258194	34.4865768020282
103.869410214723	34.9136723006081
104.021680645773	35.4415196686697
103.554001940821	34.910853096421
103.733898969723	34.6695173261874
103.91474637981	34.8289571746067
104.344741340068	34.8224282187206
104.071386196949	35.1689468580473
104.147291654777	35.146069834839
104.060234991713	35.5071649630978
104.193962088066	35.3891196465362
104.066143767973	34.8244266810347
104.493405281836	35.0765544135315
104.203335718316	34.8934145877634
103.539433793133	34.8905119744167
103.928763513365	34.484210860582
103.500506621096	35.0373309094123
104.033052430799	35.179960657658
104.053496315633	35.3653205668857
104.308431490953	35.1251207181252
103.790456947035	35.2857677415727
104.10067317303	35.1806761362109
103.883374676817	35.5037943224459
103.898079864891	35.5535998073088
103.939308076487	35.3216113845032
104.006564266218	35.1866983185453
103.792364771541	35.3993052340062
104.003636802945	34.6863023835666
104.373657998649	34.9949439719364
104.34006494681	34.9420442295728
104.091142101863	35.1823542912987
103.985032996095	35.5083719041276
104.071817053958	34.8409741612221
104.441417416306	35.260971369557
104.481327659427	35.0222550531338
103.582526075575	34.7233765167488
104.499251955478	35.1786550503961
104.511751813226	35.0037508444641
104.349246146482	35.0207713739426
104.252965341184	34.4426006305607
104.102623429542	35.248330550442
103.994170734522	34.5664037180176
103.52760555244	34.9324914754845
104.125974154294	35.040700513235
103.830217357795	35.3254849563979
104.562172767508	34.8987378509856
103.992924597658	34.8077352952658
104.296358903411	34.6566853661154
104.473523222276	35.0880673092971
103.509394958859	34.7315695064859
104.201032709213	34.4534291071992
104.554597716495	35.1753707255353
104.299619847955	34.715283990377
103.469145151665	34.7879509820206
104.197365247098	35.4344821394019
104.082291417752	34.782358660217
104.079639290723	34.4204847269145
103.45969931144	35.1863774771695
104.429312671758	35.1611400655957
104.292491863429	34.8518651128917
104.462732264393	35.1918701021863
103.927388964441	35.5536896109114
103.843166800956	34.751676861234
104.18876617893	34.4317759895629
103.94053542251	34.5269841173014
103.958926651178	34.4469158939166
103.959596604111	34.4228671818796
104.609878846206	35.0880934834076
103.635325989627	34.7355132926083
104.104113831472	34.8297000015229
103.686991651969	34.7323789700592
104.059260723127	34.5739890395578
104.00910420935	35.5495650268081
103.575270749514	34.7251011295943
103.783974551948	34.5208278062304
103.510625771866	34.7174414567882
104.031139743097	34.5121802157835
103.602553990051	35.1161844266659
103.796572012874	35.3961358387008
104.290680206444	35.0449996072791
103.5925880173	34.9911149575099
103.779126052609	35.5335844658519
104.096199354317	34.439179334754
104.55820717314	35.188477448962
104.554647818867	35.1691561134018
103.407031774848	35.1121353613879
104.242545345807	34.4555733774381
104.124695731724	35.3858377345067
104.10381938631	35.0997588515119
104.187083343833	35.2478827672835
103.528194479592	34.6858037293502
104.34081564043	34.596512099966
104.352660194367	34.8958549620306
103.977096689483	35.4594110931585
103.870902906424	35.0430772232143
104.237167000701	35.4958391927811
104.108876905237	35.272260124018
103.537810701764	34.9987665965314
104.103128772216	35.38974070771
104.181206546403	34.5233861411635
