1
19
20
25
29
30
39
48
68
69
71
74
80
104
115
117
130
131
151
186
236
237
239
243
248
249
278
291
309
315
319
320
330
361
385
435
442
459
463
497
504
521
569
578
594
602
608
655
663
690
696
703
718
720
727
741
752
759
761
770
773
781
792
796
826
847
854
855
860
865
871
874
894
900
905
917
931
932
936
939
950
953
980
998
1005
1032
1040
1047
1067
1070
1113
1157
1158
1196
1205
1208
1213
1260
1267
1268
1270
1273
1287
1290
1306
1313
1315
1335
1338
1346
1348
1371
1372
1374
1378
1383
1385
1389
1422
1442
1459
1461
1465
1467
1501
1508
1515
1520
1523
1549
1595
1614
1627
1677
1715
1756
1761
1805
1836
1839
1842
1843
1845
1862
1908
1948
1954
1960
1976
1978
1991
2005
2006
2013
2016
2026
2032
2038
2047
2053
2059
2061
2095
2096
2107
2132
2182
2209
2214
2217
2220
2222
2240
2275
2296
2308
2311
2328
2339
2365
2368
2402
2416
2420
2440
2441
2442
2454
2458
2463
2479
2480
2495
2497
2515
2519
2520
2529
2553
2563
2564
2582
2626
2630
2631
2710
2716
2749
2758
2770
2771
2773
2774
2793
2799
2821
2852
2879
2895
2903
2906
2907
2916
2919
2920
2936
2978
2998
3007
3017
3042
3044
3065
3066
3073
3079
3100
3103
3112
3119
3126
3127
3137
3146
3153
3179
3190
3204
3205
3206
3220
3221
3223
3236
3238
3251
3253
3255
3291
3299
3315
3346
3350
3351
3354
3355
3359
3360
3367
3368
3385
3389
3390
3412
3422
3424
3425
3426
3427
3429
3439
3468
3469
3474
3476
3538
3548
3551
3552
3563
3564
3584
3597
3598
3604
3612
3627
3633
3634
3638
3639
3640
3642
3674
3678
3683
3720
3729
3753
3754
3777
3779
3783
3785
3786
3792
3804
3831
3871
3872
3873
3877
3918
3928
3930
3941
3952
3968
3969
3971
3978
4009
4053
4095
4116
4117
4127
4131
4146
4150
4157
4243
4245
4260
4261
4278
4288
4318
4352
4353
4358
4359
4366
4418
4421
4424
4439
4449
4468
4480
4481
4500
4506
4507
4605
4621
4655
4659
4661
4674
4676
4704
4705
4709
4723
4725
4734
4778
4807
4814
4818
4855
4862
4869
4870
4897
4901
4903
4937
4950
4991
