11
107
211
228
253
324
351
353
491
525
534
537
593
612
697
814
832
835
846
909
1008
1011
1141
1167
1169
1186
1198
1253
1280
1337
1417
1498
1504
1541
1546
1563
1565
1574
1649
1782
1795
1796
1825
1834
1895
1896
1909
1913
1989
1996
2147
2152
2228
2279
2324
2332
2428
2429
2445
2503
2512
2572
2584
2602
2645
2756
2873
2900
2901
2905
2946
2960
2973
3006
3030
3038
3058
3133
3175
3182
3214
3232
3233
3260
3275
3344
3402
3496
3614
3711
3719
3747
3824
3854
3895
3939
4025
4048
4065
4069
4118
4119
4178
4219
4228
4302
4309
4329
4339
4360
4373
4374
4382
4384
4483
4530
4540
4555
4561
4562
4587
4607
4612
4628
4658
4752
4791
4793
4811
4836
4905
4912
4914
