2.900000000000000000e+01
9.900000000000000000e+01
1.690000000000000000e+02
1.740000000000000000e+02
1.800000000000000000e+02
2.520000000000000000e+02
2.710000000000000000e+02
2.850000000000000000e+02
3.060000000000000000e+02
3.360000000000000000e+02
3.390000000000000000e+02
3.550000000000000000e+02
4.060000000000000000e+02
4.080000000000000000e+02
4.380000000000000000e+02
5.030000000000000000e+02
5.160000000000000000e+02
5.580000000000000000e+02
5.810000000000000000e+02
5.830000000000000000e+02
6.320000000000000000e+02
6.330000000000000000e+02
6.390000000000000000e+02
6.750000000000000000e+02
6.800000000000000000e+02
6.990000000000000000e+02
7.200000000000000000e+02
7.290000000000000000e+02
7.300000000000000000e+02
7.320000000000000000e+02
7.830000000000000000e+02
7.880000000000000000e+02
7.940000000000000000e+02
