3.000000000000000000e+01
3.100000000000000000e+01
5.500000000000000000e+01
6.800000000000000000e+01
1.020000000000000000e+02
1.130000000000000000e+02
1.390000000000000000e+02
1.440000000000000000e+02
1.610000000000000000e+02
1.850000000000000000e+02
2.150000000000000000e+02
2.200000000000000000e+02
2.330000000000000000e+02
2.500000000000000000e+02
2.610000000000000000e+02
2.620000000000000000e+02
3.250000000000000000e+02
3.450000000000000000e+02
3.460000000000000000e+02
3.490000000000000000e+02
3.540000000000000000e+02
3.660000000000000000e+02
3.930000000000000000e+02
3.970000000000000000e+02
3.990000000000000000e+02
4.110000000000000000e+02
4.350000000000000000e+02
4.360000000000000000e+02
4.490000000000000000e+02
4.500000000000000000e+02
4.620000000000000000e+02
4.710000000000000000e+02
4.740000000000000000e+02
5.000000000000000000e+02
5.080000000000000000e+02
5.180000000000000000e+02
5.310000000000000000e+02
5.330000000000000000e+02
5.540000000000000000e+02
5.750000000000000000e+02
5.850000000000000000e+02
6.050000000000000000e+02
6.080000000000000000e+02
6.140000000000000000e+02
6.200000000000000000e+02
6.310000000000000000e+02
6.580000000000000000e+02
6.810000000000000000e+02
7.540000000000000000e+02
7.780000000000000000e+02
7.890000000000000000e+02
