2.000000000000000000e+01
2.800000000000000000e+01
4.500000000000000000e+01
5.900000000000000000e+01
6.500000000000000000e+01
6.800000000000000000e+01
7.100000000000000000e+01
7.700000000000000000e+01
8.800000000000000000e+01
1.120000000000000000e+02
1.320000000000000000e+02
1.510000000000000000e+02
1.880000000000000000e+02
1.960000000000000000e+02
1.980000000000000000e+02
2.160000000000000000e+02
2.190000000000000000e+02
2.220000000000000000e+02
2.320000000000000000e+02
2.360000000000000000e+02
2.430000000000000000e+02
2.550000000000000000e+02
2.630000000000000000e+02
2.680000000000000000e+02
2.870000000000000000e+02
2.950000000000000000e+02
3.070000000000000000e+02
3.300000000000000000e+02
3.310000000000000000e+02
3.370000000000000000e+02
3.420000000000000000e+02
3.480000000000000000e+02
3.560000000000000000e+02
3.650000000000000000e+02
3.750000000000000000e+02
3.790000000000000000e+02
3.820000000000000000e+02
3.920000000000000000e+02
3.990000000000000000e+02
4.030000000000000000e+02
4.270000000000000000e+02
4.330000000000000000e+02
4.340000000000000000e+02
4.360000000000000000e+02
4.380000000000000000e+02
4.420000000000000000e+02
4.470000000000000000e+02
4.520000000000000000e+02
4.630000000000000000e+02
4.660000000000000000e+02
4.670000000000000000e+02
4.920000000000000000e+02
5.040000000000000000e+02
5.050000000000000000e+02
5.100000000000000000e+02
5.350000000000000000e+02
5.370000000000000000e+02
5.390000000000000000e+02
5.580000000000000000e+02
5.600000000000000000e+02
5.720000000000000000e+02
5.790000000000000000e+02
5.850000000000000000e+02
5.910000000000000000e+02
5.970000000000000000e+02
5.980000000000000000e+02
6.000000000000000000e+02
6.020000000000000000e+02
6.150000000000000000e+02
6.270000000000000000e+02
6.310000000000000000e+02
6.530000000000000000e+02
6.700000000000000000e+02
6.800000000000000000e+02
6.820000000000000000e+02
6.840000000000000000e+02
6.940000000000000000e+02
6.980000000000000000e+02
7.010000000000000000e+02
7.190000000000000000e+02
7.400000000000000000e+02
7.410000000000000000e+02
7.470000000000000000e+02
7.500000000000000000e+02
7.530000000000000000e+02
7.710000000000000000e+02
7.740000000000000000e+02
7.750000000000000000e+02
7.790000000000000000e+02
8.020000000000000000e+02
8.080000000000000000e+02
8.100000000000000000e+02
8.130000000000000000e+02
8.140000000000000000e+02
8.170000000000000000e+02
8.230000000000000000e+02
8.270000000000000000e+02
8.320000000000000000e+02
8.400000000000000000e+02
8.470000000000000000e+02
8.560000000000000000e+02
8.600000000000000000e+02
8.610000000000000000e+02
8.780000000000000000e+02
8.810000000000000000e+02
8.990000000000000000e+02
9.090000000000000000e+02
9.190000000000000000e+02
9.230000000000000000e+02
9.290000000000000000e+02
9.300000000000000000e+02
9.590000000000000000e+02
9.770000000000000000e+02
9.870000000000000000e+02
1.009000000000000000e+03
1.014000000000000000e+03
1.021000000000000000e+03
1.024000000000000000e+03
1.028000000000000000e+03
1.030000000000000000e+03
1.052000000000000000e+03
1.104000000000000000e+03
1.113000000000000000e+03
1.146000000000000000e+03
1.150000000000000000e+03
1.153000000000000000e+03
1.160000000000000000e+03
1.164000000000000000e+03
1.174000000000000000e+03
1.186000000000000000e+03
1.197000000000000000e+03
1.208000000000000000e+03
1.220000000000000000e+03
1.221000000000000000e+03
1.227000000000000000e+03
1.259000000000000000e+03
1.261000000000000000e+03
1.297000000000000000e+03
1.303000000000000000e+03
1.325000000000000000e+03
1.327000000000000000e+03
1.329000000000000000e+03
1.344000000000000000e+03
1.355000000000000000e+03
1.357000000000000000e+03
1.386000000000000000e+03
1.387000000000000000e+03
1.401000000000000000e+03
1.428000000000000000e+03
1.436000000000000000e+03
1.438000000000000000e+03
1.445000000000000000e+03
1.446000000000000000e+03
1.447000000000000000e+03
1.462000000000000000e+03
1.467000000000000000e+03
1.474000000000000000e+03
1.498000000000000000e+03
1.502000000000000000e+03
1.509000000000000000e+03
1.510000000000000000e+03
1.511000000000000000e+03
1.515000000000000000e+03
1.528000000000000000e+03
1.539000000000000000e+03
1.546000000000000000e+03
1.558000000000000000e+03
1.559000000000000000e+03
1.573000000000000000e+03
1.579000000000000000e+03
1.587000000000000000e+03
1.643000000000000000e+03
1.657000000000000000e+03
1.673000000000000000e+03
1.680000000000000000e+03
1.681000000000000000e+03
1.704000000000000000e+03
1.745000000000000000e+03
1.762000000000000000e+03
1.771000000000000000e+03
1.775000000000000000e+03
1.792000000000000000e+03
1.824000000000000000e+03
1.854000000000000000e+03
1.878000000000000000e+03
1.880000000000000000e+03
1.889000000000000000e+03
1.902000000000000000e+03
1.903000000000000000e+03
1.904000000000000000e+03
1.905000000000000000e+03
1.910000000000000000e+03
1.915000000000000000e+03
1.921000000000000000e+03
1.925000000000000000e+03
1.938000000000000000e+03
