4.000000000000000000e+01
1.570000000000000000e+02
2.050000000000000000e+02
2.240000000000000000e+02
3.220000000000000000e+02
3.340000000000000000e+02
3.850000000000000000e+02
4.620000000000000000e+02
4.870000000000000000e+02
5.530000000000000000e+02
5.540000000000000000e+02
6.540000000000000000e+02
6.870000000000000000e+02
8.240000000000000000e+02
8.650000000000000000e+02
9.310000000000000000e+02
9.580000000000000000e+02
9.990000000000000000e+02
1.073000000000000000e+03
1.126000000000000000e+03
1.137000000000000000e+03
1.195000000000000000e+03
1.286000000000000000e+03
1.317000000000000000e+03
1.460000000000000000e+03
1.532000000000000000e+03
1.708000000000000000e+03
1.726000000000000000e+03
1.795000000000000000e+03
1.807000000000000000e+03
1.861000000000000000e+03
1.862000000000000000e+03
