2.000000000000000000e+00
2.700000000000000000e+01
4.400000000000000000e+01
9.100000000000000000e+01
1.010000000000000000e+02
1.870000000000000000e+02
2.650000000000000000e+02
2.900000000000000000e+02
3.050000000000000000e+02
3.740000000000000000e+02
4.040000000000000000e+02
4.100000000000000000e+02
4.200000000000000000e+02
4.290000000000000000e+02
4.370000000000000000e+02
4.430000000000000000e+02
4.440000000000000000e+02
5.200000000000000000e+02
5.210000000000000000e+02
5.360000000000000000e+02
5.490000000000000000e+02
5.680000000000000000e+02
5.830000000000000000e+02
6.040000000000000000e+02
6.370000000000000000e+02
6.400000000000000000e+02
6.860000000000000000e+02
6.900000000000000000e+02
7.200000000000000000e+02
7.430000000000000000e+02
8.070000000000000000e+02
8.300000000000000000e+02
8.310000000000000000e+02
8.520000000000000000e+02
8.660000000000000000e+02
8.900000000000000000e+02
9.540000000000000000e+02
9.790000000000000000e+02
9.890000000000000000e+02
1.010000000000000000e+03
1.018000000000000000e+03
1.067000000000000000e+03
1.072000000000000000e+03
1.098000000000000000e+03
1.138000000000000000e+03
1.147000000000000000e+03
1.183000000000000000e+03
1.196000000000000000e+03
1.209000000000000000e+03
1.217000000000000000e+03
1.255000000000000000e+03
1.305000000000000000e+03
1.405000000000000000e+03
1.408000000000000000e+03
1.415000000000000000e+03
1.456000000000000000e+03
1.463000000000000000e+03
1.465000000000000000e+03
1.501000000000000000e+03
1.538000000000000000e+03
1.540000000000000000e+03
1.555000000000000000e+03
1.567000000000000000e+03
1.611000000000000000e+03
1.633000000000000000e+03
1.637000000000000000e+03
1.639000000000000000e+03
1.678000000000000000e+03
1.700000000000000000e+03
1.759000000000000000e+03
1.790000000000000000e+03
1.801000000000000000e+03
1.833000000000000000e+03
1.834000000000000000e+03
1.836000000000000000e+03
1.838000000000000000e+03
1.874000000000000000e+03
1.888000000000000000e+03
1.892000000000000000e+03
1.912000000000000000e+03
1.914000000000000000e+03
1.929000000000000000e+03
