8
14
51
79
105
127
129
167
173
188
215
223
252
256
283
284
293
339
342
348
364
370
387
389
397
423
424
449
464
474
479
538
554
556
573
574
618
668
674
694
698
737
742
795
798
815
820
887
904
966
991
1026
1028
1054
1076
1142
1184
1218
1227
1231
1237
1254
1278
1317
1334
1353
1354
1356
1366
1381
1432
1452
1469
1472
1512
1513
1530
1547
1558
1577
1581
1597
1599
1622
1634
1636
1642
1664
1706
1732
1736
1740
1753
1758
1764
1769
1815
1817
1829
1884
1886
1887
1902
1957
1968
1983
1993
1997
2012
2019
2024
2028
2037
2093
2111
2119
2120
2140
2155
2175
2176
2198
2231
2232
2250
2252
2262
2284
2313
2369
2375
2403
2404
2406
2426
2443
2465
2466
2471
2490
2492
2510
2516
2522
2528
2573
2586
2589
2635
2638
2673
2697
2701
2714
2729
2747
2751
2764
2781
2798
2829
2830
2838
2840
2846
2876
2902
2927
2933
2945
2958
2968
2969
2975
3015
3023
3027
3050
3060
3072
3093
3136
3164
3172
3181
3211
3213
3231
3261
3272
3325
3335
3363
3381
3415
3416
3445
3503
3512
3513
3535
3543
3555
3572
3622
3649
3658
3667
3698
3732
3735
3746
3758
3826
3833
3842
3878
3890
3921
3926
3938
3943
3967
3993
3999
4004
4036
4054
4071
4082
4094
4100
4122
4170
4184
4193
4200
4211
4242
4265
4269
4292
4295
4297
4303
4305
4310
4322
4338
4342
4347
4362
4381
4433
4446
4447
4463
4482
4493
4517
4531
4533
4557
4560
4575
4592
4598
4604
4608
4609
4610
4634
4642
4645
4664
4703
4750
4773
4784
4827
4828
4845
4849
4852
4868
4877
4894
4898
4938
4945
4949
4965
