6
18
22
27
28
31
32
33
34
37
38
58
65
70
72
89
95
99
102
112
116
119
122
123
128
147
149
150
152
153
182
185
208
209
240
241
258
261
272
280
282
287
288
289
299
302
303
306
316
323
340
341
360
377
393
396
404
426
432
436
438
441
445
450
454
456
460
486
487
490
492
494
495
496
498
518
519
520
522
523
531
532
543
552
566
567
587
601
604
605
610
617
624
630
633
635
636
637
638
639
649
653
654
671
672
711
712
716
717
725
728
731
732
738
747
748
749
753
755
760
762
763
772
774
776
780
782
785
786
788
793
800
817
829
838
841
842
845
848
856
861
870
879
880
883
888
895
916
923
928
937
948
954
955
956
957
958
971
975
978
986
994
995
996
1002
1006
1012
1014
1021
1023
1034
1036
1042
1053
1062
1063
1064
1065
1066
1069
1072
1082
1083
1086
1087
1101
1109
1112
1122
1206
1212
1222
1229
1234
1238
1245
1250
1289
1296
1299
1301
1302
1307
1310
1311
1312
1336
1340
1341
1343
1351
1375
1387
1394
1395
1405
1421
1423
1444
1446
1449
1458
1460
1462
1466
1485
1488
1499
1509
1510
1522
1526
1529
1533
1534
1552
1555
1567
1569
1585
1594
1603
1605
1612
1613
1616
1641
1648
1686
1687
1689
1693
1694
1696
1723
1728
1750
1757
1759
1763
1784
1785
1804
1806
1807
1812
1832
1838
1844
1860
1865
1866
1867
1898
1915
1924
1956
1961
1963
1964
1972
1973
1977
1990
1992
2003
2008
2011
2015
2023
2025
2035
2049
2056
2060
2062
2068
2075
2079
2084
2086
2098
2099
2108
2109
2110
2117
2134
2158
2161
2163
2179
2184
2187
2193
2208
2213
2219
2221
2243
2246
2257
2259
2260
2263
2269
2276
2286
2287
2289
2292
2295
2303
2306
2307
2310
2326
2346
2347
2350
2373
2393
2398
2410
2414
2431
2432
2447
2455
2461
2464
2477
2488
2494
2498
2511
2514
2517
2532
2543
2547
2549
2560
2569
2570
2600
2612
2615
2616
2621
2640
2661
2677
2678
2680
2690
2695
2715
2720
2724
2726
2727
2735
2740
2742
2744
2748
2750
2761
2772
2784
2785
2788
2792
2797
2801
2805
2806
2808
2822
2823
2825
2856
2857
2859
2865
2867
2869
2877
2880
2890
2897
2915
2923
2937
2938
2944
2953
2979
2980
2984
2987
2997
3009
3013
3041
3043
3049
3061
3063
3067
3087
3108
3121
3124
3135
3140
3144
3148
3151
3154
3159
3168
3169
3170
3184
3186
3191
3201
3202
3215
3235
3237
3240
3244
3245
3281
3283
3289
3293
3295
3296
3301
3307
3314
3319
3326
3327
3329
3333
3337
3338
3347
3349
3356
3357
3364
3384
3386
3391
3394
3395
3408
3409
3410
3434
3437
3440
3441
3446
3461
3462
3473
3475
3488
3491
3493
3501
3502
3506
3514
3518
3539
3540
3546
3550
3553
3554
3558
3559
3560
3566
3567
3569
3571
3579
3580
3596
3599
3600
3601
3605
3625
3629
3630
3644
3654
3655
3663
3672
3677
3682
3686
3701
3707
3708
3714
3721
3722
3723
3752
3756
3760
3776
3780
3782
3784
3789
3791
3795
3816
3841
3843
3848
3850
3851
3852
3859
3876
3879
3883
3917
3919
3932
3936
3944
3949
3953
3964
3966
3976
3977
3984
4011
4015
4034
4038
4044
4045
4046
4047
4049
4050
4083
4084
4093
4103
4123
4126
4132
4133
4138
4144
4147
4161
4168
4169
4207
4209
4215
4225
4230
4233
4234
4247
4277
4279
4284
4286
4299
4319
4336
4344
4350
4351
4355
4356
4365
4368
4389
4391
4398
4400
4401
4404
4406
4420
4422
4426
4434
4441
4448
4464
4465
4467
4472
4510
4512
4518
4521
4524
4525
4526
4528
4536
4542
4544
4545
4573
4574
4582
4583
4584
4589
4600
4606
4613
4616
4622
4629
4647
4648
4652
4663
4672
4682
4683
4691
4692
4694
4695
4697
4699
4706
4711
4714
4715
4722
4724
4726
4727
4728
4730
4732
4737
4741
4742
4758
4762
4763
4771
4776
4779
4781
4795
4796
4797
4799
4802
4810
4812
4816
4817
4819
4821
4830
4832
4842
4851
4859
4871
4882
4892
4899
4900
4933
4939
4940
4946
4947
4954
4955
4966
4969
4970
4975
4979
4983
4984
4990
