1.000000000000000000e+00
5.000000000000000000e+00
1.600000000000000000e+01
2.500000000000000000e+01
3.100000000000000000e+01
3.700000000000000000e+01
3.800000000000000000e+01
5.200000000000000000e+01
5.400000000000000000e+01
5.800000000000000000e+01
7.300000000000000000e+01
7.600000000000000000e+01
8.300000000000000000e+01
8.400000000000000000e+01
9.500000000000000000e+01
9.600000000000000000e+01
9.900000000000000000e+01
1.130000000000000000e+02
1.140000000000000000e+02
1.180000000000000000e+02
1.260000000000000000e+02
1.270000000000000000e+02
1.360000000000000000e+02
1.380000000000000000e+02
1.400000000000000000e+02
1.520000000000000000e+02
1.530000000000000000e+02
1.600000000000000000e+02
1.630000000000000000e+02
1.710000000000000000e+02
1.740000000000000000e+02
1.920000000000000000e+02
2.010000000000000000e+02
2.020000000000000000e+02
2.110000000000000000e+02
2.120000000000000000e+02
2.260000000000000000e+02
2.470000000000000000e+02
2.500000000000000000e+02
2.590000000000000000e+02
2.610000000000000000e+02
2.780000000000000000e+02
2.790000000000000000e+02
2.970000000000000000e+02
2.990000000000000000e+02
3.090000000000000000e+02
3.120000000000000000e+02
3.320000000000000000e+02
3.410000000000000000e+02
3.640000000000000000e+02
3.760000000000000000e+02
3.860000000000000000e+02
3.880000000000000000e+02
3.960000000000000000e+02
4.020000000000000000e+02
4.300000000000000000e+02
4.500000000000000000e+02
4.650000000000000000e+02
4.710000000000000000e+02
4.730000000000000000e+02
4.740000000000000000e+02
4.800000000000000000e+02
4.910000000000000000e+02
5.020000000000000000e+02
5.110000000000000000e+02
5.170000000000000000e+02
5.180000000000000000e+02
5.190000000000000000e+02
5.240000000000000000e+02
5.280000000000000000e+02
5.460000000000000000e+02
5.520000000000000000e+02
5.560000000000000000e+02
5.570000000000000000e+02
5.750000000000000000e+02
5.760000000000000000e+02
5.820000000000000000e+02
5.860000000000000000e+02
5.920000000000000000e+02
5.990000000000000000e+02
6.010000000000000000e+02
6.090000000000000000e+02
6.110000000000000000e+02
6.170000000000000000e+02
6.220000000000000000e+02
6.230000000000000000e+02
6.280000000000000000e+02
6.360000000000000000e+02
6.520000000000000000e+02
6.630000000000000000e+02
6.650000000000000000e+02
6.660000000000000000e+02
6.730000000000000000e+02
6.750000000000000000e+02
6.770000000000000000e+02
6.780000000000000000e+02
6.970000000000000000e+02
6.990000000000000000e+02
7.070000000000000000e+02
7.300000000000000000e+02
7.310000000000000000e+02
7.320000000000000000e+02
7.370000000000000000e+02
7.600000000000000000e+02
7.630000000000000000e+02
7.680000000000000000e+02
7.700000000000000000e+02
7.720000000000000000e+02
7.760000000000000000e+02
7.780000000000000000e+02
7.800000000000000000e+02
7.810000000000000000e+02
7.830000000000000000e+02
8.050000000000000000e+02
8.120000000000000000e+02
8.150000000000000000e+02
8.160000000000000000e+02
8.250000000000000000e+02
8.330000000000000000e+02
8.410000000000000000e+02
8.420000000000000000e+02
8.460000000000000000e+02
8.580000000000000000e+02
8.590000000000000000e+02
8.690000000000000000e+02
8.700000000000000000e+02
8.730000000000000000e+02
8.820000000000000000e+02
8.890000000000000000e+02
9.150000000000000000e+02
9.180000000000000000e+02
9.260000000000000000e+02
9.270000000000000000e+02
9.280000000000000000e+02
9.360000000000000000e+02
9.420000000000000000e+02
9.510000000000000000e+02
9.520000000000000000e+02
9.560000000000000000e+02
9.630000000000000000e+02
9.650000000000000000e+02
9.720000000000000000e+02
9.740000000000000000e+02
9.760000000000000000e+02
9.800000000000000000e+02
9.950000000000000000e+02
1.000000000000000000e+03
1.003000000000000000e+03
1.020000000000000000e+03
1.022000000000000000e+03
1.037000000000000000e+03
1.048000000000000000e+03
1.049000000000000000e+03
1.056000000000000000e+03
1.060000000000000000e+03
1.064000000000000000e+03
1.065000000000000000e+03
1.070000000000000000e+03
1.077000000000000000e+03
1.085000000000000000e+03
1.095000000000000000e+03
1.096000000000000000e+03
1.102000000000000000e+03
1.103000000000000000e+03
1.105000000000000000e+03
1.115000000000000000e+03
1.127000000000000000e+03
1.133000000000000000e+03
1.136000000000000000e+03
1.139000000000000000e+03
1.145000000000000000e+03
1.151000000000000000e+03
1.152000000000000000e+03
1.154000000000000000e+03
1.169000000000000000e+03
1.173000000000000000e+03
1.177000000000000000e+03
1.184000000000000000e+03
1.189000000000000000e+03
1.194000000000000000e+03
1.202000000000000000e+03
1.218000000000000000e+03
1.223000000000000000e+03
1.226000000000000000e+03
1.229000000000000000e+03
1.239000000000000000e+03
1.240000000000000000e+03
1.245000000000000000e+03
1.258000000000000000e+03
1.262000000000000000e+03
1.284000000000000000e+03
1.287000000000000000e+03
1.293000000000000000e+03
1.300000000000000000e+03
1.314000000000000000e+03
1.315000000000000000e+03
1.322000000000000000e+03
1.346000000000000000e+03
1.348000000000000000e+03
1.349000000000000000e+03
1.361000000000000000e+03
1.363000000000000000e+03
1.366000000000000000e+03
1.373000000000000000e+03
1.394000000000000000e+03
1.400000000000000000e+03
1.404000000000000000e+03
1.409000000000000000e+03
1.418000000000000000e+03
1.429000000000000000e+03
1.431000000000000000e+03
1.437000000000000000e+03
1.441000000000000000e+03
1.470000000000000000e+03
1.473000000000000000e+03
1.477000000000000000e+03
1.495000000000000000e+03
1.499000000000000000e+03
1.514000000000000000e+03
1.516000000000000000e+03
1.521000000000000000e+03
1.524000000000000000e+03
1.535000000000000000e+03
1.543000000000000000e+03
1.547000000000000000e+03
1.550000000000000000e+03
1.560000000000000000e+03
1.563000000000000000e+03
1.570000000000000000e+03
1.576000000000000000e+03
1.581000000000000000e+03
1.584000000000000000e+03
1.594000000000000000e+03
1.609000000000000000e+03
1.614000000000000000e+03
1.620000000000000000e+03
1.624000000000000000e+03
1.629000000000000000e+03
1.641000000000000000e+03
1.650000000000000000e+03
1.652000000000000000e+03
1.662000000000000000e+03
1.663000000000000000e+03
1.665000000000000000e+03
1.667000000000000000e+03
1.669000000000000000e+03
1.672000000000000000e+03
1.677000000000000000e+03
1.686000000000000000e+03
1.688000000000000000e+03
1.691000000000000000e+03
1.696000000000000000e+03
1.703000000000000000e+03
1.723000000000000000e+03
1.728000000000000000e+03
1.729000000000000000e+03
1.735000000000000000e+03
1.743000000000000000e+03
1.750000000000000000e+03
1.757000000000000000e+03
1.758000000000000000e+03
1.760000000000000000e+03
1.765000000000000000e+03
1.766000000000000000e+03
1.774000000000000000e+03
1.781000000000000000e+03
1.782000000000000000e+03
1.786000000000000000e+03
1.787000000000000000e+03
1.788000000000000000e+03
1.789000000000000000e+03
1.797000000000000000e+03
1.803000000000000000e+03
1.804000000000000000e+03
1.809000000000000000e+03
1.825000000000000000e+03
1.837000000000000000e+03
1.845000000000000000e+03
1.851000000000000000e+03
1.867000000000000000e+03
1.868000000000000000e+03
1.873000000000000000e+03
1.875000000000000000e+03
1.877000000000000000e+03
1.887000000000000000e+03
1.890000000000000000e+03
1.898000000000000000e+03
1.899000000000000000e+03
1.918000000000000000e+03
1.922000000000000000e+03
1.923000000000000000e+03
1.931000000000000000e+03
