1.000000000000000000e+01
5.300000000000000000e+01
7.800000000000000000e+01
1.200000000000000000e+02
1.650000000000000000e+02
1.950000000000000000e+02
2.200000000000000000e+02
2.290000000000000000e+02
2.620000000000000000e+02
2.930000000000000000e+02
3.020000000000000000e+02
3.590000000000000000e+02
3.780000000000000000e+02
3.810000000000000000e+02
4.760000000000000000e+02
5.090000000000000000e+02
5.250000000000000000e+02
5.480000000000000000e+02
5.940000000000000000e+02
6.510000000000000000e+02
6.620000000000000000e+02
6.920000000000000000e+02
7.270000000000000000e+02
7.350000000000000000e+02
7.820000000000000000e+02
7.840000000000000000e+02
7.860000000000000000e+02
8.760000000000000000e+02
8.790000000000000000e+02
8.800000000000000000e+02
8.970000000000000000e+02
9.370000000000000000e+02
9.400000000000000000e+02
9.480000000000000000e+02
9.610000000000000000e+02
9.710000000000000000e+02
9.780000000000000000e+02
9.850000000000000000e+02
9.940000000000000000e+02
1.029000000000000000e+03
1.124000000000000000e+03
1.171000000000000000e+03
1.176000000000000000e+03
1.182000000000000000e+03
1.187000000000000000e+03
1.201000000000000000e+03
1.216000000000000000e+03
1.225000000000000000e+03
1.233000000000000000e+03
1.237000000000000000e+03
1.251000000000000000e+03
1.278000000000000000e+03
1.294000000000000000e+03
1.365000000000000000e+03
1.390000000000000000e+03
1.430000000000000000e+03
1.448000000000000000e+03
1.472000000000000000e+03
1.475000000000000000e+03
1.480000000000000000e+03
1.496000000000000000e+03
1.597000000000000000e+03
1.638000000000000000e+03
1.640000000000000000e+03
1.644000000000000000e+03
1.659000000000000000e+03
1.722000000000000000e+03
1.746000000000000000e+03
1.802000000000000000e+03
1.810000000000000000e+03
1.830000000000000000e+03
1.855000000000000000e+03
1.936000000000000000e+03
