1.700000000000000000e+01
9.400000000000000000e+01
1.430000000000000000e+02
2.850000000000000000e+02
2.920000000000000000e+02
3.350000000000000000e+02
3.700000000000000000e+02
3.950000000000000000e+02
4.530000000000000000e+02
4.840000000000000000e+02
5.220000000000000000e+02
7.890000000000000000e+02
9.120000000000000000e+02
1.053000000000000000e+03
1.097000000000000000e+03
1.123000000000000000e+03
1.269000000000000000e+03
1.285000000000000000e+03
1.364000000000000000e+03
1.371000000000000000e+03
1.424000000000000000e+03
1.591000000000000000e+03
1.675000000000000000e+03
1.738000000000000000e+03
1.815000000000000000e+03
1.911000000000000000e+03
