1
2
20
30
31
39
42
50
52
55
67
68
70
73
74
80
83
88
90
92
93
101
103
114
115
122
131
135
150
151
158
166
170
179
182
200
231
235
236
243
244
245
247
252
257
262
263
264
271
275
288
291
301
304
308
309
315
318
319
322
332
339
340
343
352
361
366
373
376
377
379
380
385
390
392
394
399
401
413
416
423
431
442
455
459
482
492
494
497
504
513
543
553
559
563
567
568
569
587
591
594
597
599
602
608
624
628
629
632
655
656
662
673
688
696
699
705
712
718
724
727
733
739
740
747
748
752
754
759
761
770
771
772
780
781
792
800
805
816
818
826
830
838
845
848
855
860
865
869
874
888
895
900
905
916
919
924
926
933
936
939
947
953
954
973
993
1007
1014
1016
1017
1023
1029
1030
1032
1040
1047
1048
1051
1067
1070
1082
1086
1101
1102
1108
1113
1114
1122
1123
1124
1133
1135
1144
1157
1158
1164
1175
1178
1187
1193
1195
1196
1203
1204
1205
1206
1208
1213
1215
1216
1224
1231
1245
1260
1261
1263
1268
1273
1279
1283
1290
1301
1302
1306
1313
1330
1335
1338
1345
1346
1358
1359
1371
1372
1374
1375
1377
1378
1383
1385
1389
1391
1394
1422
1427
1433
1434
1436
1441
1461
1463
1464
1466
1468
1479
1493
1494
1497
1499
1508
1515
1523
1529
1533
1535
1551
1601
1627
1631
1645
1652
1653
1662
1667
1676
1677
1679
1691
1694
1698
1710
1714
1718
1725
1734
1739
1755
1761
1766
1792
1802
1805
1808
1818
1823
1832
1836
1842
1862
1866
1868
1889
1898
1905
1908
1910
1915
1923
1930
1938
1944
1948
1950
1951
1952
1953
1960
1967
1969
1971
1972
1978
1987
2004
2005
2006
2007
2011
2013
2027
2033
2034
2038
2047
2059
2061
2072
2073
2079
2081
2092
2095
2098
2107
2108
2124
2126
2139
2143
2165
2174
2186
2187
2191
2198
2206
2208
2211
2214
2215
2217
2220
2229
2236
2240
2243
2249
2255
2258
2261
2265
2271
2275
2277
2285
2286
2289
2292
2293
2295
2297
2298
2300
2305
2307
2308
2311
2312
2328
2331
2336
2350
2351
2355
2368
2373
2374
2387
2388
2390
2396
2416
2419
2420
2430
2441
2442
2449
2453
2458
2463
2477
2479
2480
2482
2497
2501
2508
2513
2514
2515
2519
2520
2521
2525
2527
2529
2530
2549
2552
2557
2570
2576
2581
2582
2591
2593
2595
2596
2599
2622
2624
2626
2627
2630
2631
2638
2639
2640
2652
2660
2661
2667
2678
2686
2691
2702
2719
2760
2770
2771
2774
2784
2792
2793
2799
2802
2803
2818
2820
2821
2825
2826
2827
2847
2849
2853
2855
2857
2861
2869
2875
2879
2891
2896
2897
2898
2904
2906
2907
2913
2924
2926
2934
2936
2941
2951
2961
2963
2970
2978
2984
2996
3000
3010
3011
3017
3040
3042
3043
3044
3053
3061
3065
3066
3068
3079
3080
3087
3105
3108
3112
3114
3119
3126
3127
3131
3137
3139
3140
3141
3142
3147
3149
3152
3153
3159
3165
3170
3179
3184
3186
3189
3195
3197
3199
3201
3204
3205
3208
3216
3220
3222
3225
3236
3246
3253
3255
3257
3263
3277
3291
3292
3294
3299
3308
3309
3312
3314
3315
3319
3320
3328
3330
3338
3340
3346
3347
3350
3351
3354
3355
3359
3360
3365
3367
3368
3372
3385
3388
3392
3412
3422
3426
3428
3429
3431
3435
3439
3441
3443
3448
3456
3462
3465
3466
3469
3474
3476
3489
3490
3492
3516
3519
3523
3526
3535
3538
3541
3546
3547
3548
3551
3564
3567
3576
3579
3582
3583
3584
3598
3612
3613
3615
3621
3627
3631
3633
3634
3636
3639
3640
3642
3644
3645
3650
3658
3680
3681
3683
3686
3699
3705
3706
3708
3720
3726
3728
3731
3754
3757
3767
3773
3777
3781
3783
3785
3786
3792
3793
3798
3804
3828
3831
3837
3841
3843
3870
3873
3906
3918
3923
3937
3941
3946
3949
3952
3960
3966
3971
3974
3975
3976
3978
3980
4007
4008
4009
4013
4015
4036
4038
4045
4053
4055
4058
4072
4076
4077
4080
4090
4093
4098
4109
4116
4117
4127
4128
4135
4138
4150
4151
4153
4155
4156
4157
4168
4182
4188
4202
4212
4215
4221
4230
4231
4234
4243
4251
4260
4261
4262
4267
4269
4271
4274
4282
4288
4310
4316
4336
4337
4348
4349
4353
4359
4365
4366
4370
4375
4378
4398
4399
4405
4418
4419
4421
4427
4430
4432
4439
4449
4450
4472
4474
4480
4481
4487
4500
4502
4503
4504
4506
4522
4525
4527
4528
4534
4536
4537
4538
4583
4593
4605
4614
4622
4644
4647
4650
4652
4655
4659
4661
4662
4671
4674
4675
4676
4681
4686
4695
4697
4700
4705
4709
4711
4714
4716
4717
4718
4720
4723
4730
4734
4739
4745
4759
4770
4774
4778
4782
4789
4792
4795
4800
4801
4803
4812
4816
4818
4819
4820
4822
4826
4832
4851
4855
4859
4866
4869
4870
4872
4878
4888
4892
4901
4903
4913
4916
4934
4936
4939
4944
4950
4958
4963
4966
4969
4978
4980
4982
4985
4987
4989
4990
4991
4995
4998
4999
