3
5
8
9
11
12
13
17
21
22
23
24
26
27
35
36
37
38
41
43
44
46
47
49
51
53
56
59
61
62
66
75
76
79
81
82
84
87
97
98
99
102
107
108
110
111
113
119
120
126
127
128
129
133
134
136
137
139
142
143
144
145
146
152
154
156
157
159
160
161
162
163
164
168
169
171
172
174
175
176
178
181
183
184
185
187
192
193
195
196
197
198
199
201
202
204
207
209
210
211
212
214
215
217
218
221
222
227
228
230
233
246
253
254
255
256
259
260
267
270
274
276
279
280
282
283
284
285
286
289
290
294
295
296
298
300
302
307
312
316
321
324
326
327
328
329
333
336
342
344
345
347
349
350
351
353
354
357
363
364
365
367
369
372
375
378
384
386
388
395
398
402
404
405
410
411
414
417
419
422
429
432
437
439
440
445
446
447
448
451
452
453
454
456
457
458
460
461
464
465
466
468
469
470
471
473
475
476
477
478
479
483
487
489
490
495
496
499
501
503
506
507
510
512
515
516
518
525
528
530
531
533
534
535
536
537
538
539
545
547
549
555
556
562
564
565
566
571
572
573
574
576
580
581
583
584
586
588
590
593
595
598
600
605
609
610
611
612
615
616
618
619
620
621
625
626
627
630
631
633
635
636
637
639
640
641
642
643
645
646
647
649
650
651
652
653
658
660
661
664
666
667
668
669
670
671
672
674
678
679
681
683
684
685
687
689
697
702
704
706
707
708
709
711
713
714
721
722
723
726
730
731
732
734
738
744
749
750
751
753
755
756
757
760
766
767
768
776
777
778
783
784
786
789
793
794
798
802
803
804
806
809
814
819
821
822
823
825
829
832
835
836
837
841
842
846
849
850
852
856
858
859
862
863
864
867
868
870
872
875
877
878
880
886
887
890
893
896
899
901
902
906
913
914
918
921
922
925
937
941
942
944
946
948
955
956
960
961
964
965
967
970
974
977
979
981
984
985
988
989
990
991
992
997
1000
1002
1004
1009
1011
1018
1022
1024
1025
1031
1035
1036
1038
1039
1041
1043
1044
1046
1052
1053
1055
1056
1058
1059
1060
1062
1063
1064
1066
1068
1071
1073
1074
1076
1078
1080
1081
1083
1084
1085
1088
1089
1090
1092
1096
1097
1099
1100
1103
1104
1115
1117
1118
1120
1121
1125
1126
1128
1129
1134
1136
1138
1139
1140
1141
1142
1145
1146
1147
1148
1149
1153
1154
1159
1160
1162
1163
1165
1166
1167
1169
1170
1171
1172
1174
1176
1177
1179
1180
1183
1185
1186
1188
1190
1191
1192
1194
1197
1198
1199
1200
1201
1202
1207
1209
1210
1211
1217
1218
1220
1222
1225
1226
1227
1228
1230
1233
1235
1237
1238
1240
1242
1247
1249
1256
1259
1264
1265
1266
1269
1271
1274
1277
1278
1280
1281
1282
1284
1286
1291
1295
1297
1300
1303
1305
1314
1317
1318
1319
1320
1321
1322
1323
1324
1325
1331
1332
1333
1334
1337
1339
1340
1342
1343
1344
1347
1349
1352
1355
1356
1357
1361
1362
1363
1365
1367
1368
1369
1370
1380
1381
1382
1386
1387
1388
1390
1392
1393
1395
1398
1399
1400
1403
1406
1407
1410
1412
1416
1417
1419
1423
1424
1425
1426
1428
1429
1430
1431
1432
1435
1437
1440
1443
1445
1453
1454
1455
1456
1462
1470
1471
1472
1473
1475
1477
1480
1482
1483
1484
1486
1489
1492
1496
1498
1500
1504
1506
1507
1510
1511
1512
1513
1514
1516
1518
1519
1521
1522
1525
1526
1527
1528
1531
1532
1534
1536
1537
1539
1541
1542
1543
1544
1546
1548
1550
1553
1554
1555
1556
1557
1559
1561
1564
1565
1567
1572
1574
1576
1580
1581
1582
1588
1589
1592
1594
1598
1599
1600
1602
1603
1604
1606
1609
1612
1613
1615
1616
1617
1620
1626
1628
1630
1632
1633
1634
1638
1639
1640
1641
1642
1649
1650
1654
1657
1659
1664
1666
1668
1671
1673
1674
1678
1682
1685
1690
1693
1695
1697
1699
1702
1706
1707
1709
1721
1722
1723
1724
1728
1729
1731
1732
1735
1738
1740
1742
1744
1746
1749
1751
1752
1754
1757
1758
1762
1764
1765
1772
1774
1776
1780
1781
1782
1784
1785
1787
1791
1793
1794
1796
1798
1799
1800
1803
1809
1813
1814
1816
1820
1821
1824
1825
1826
1828
1829
1830
1831
1833
1834
1837
1838
1840
1847
1848
1849
1851
1854
1857
1861
1871
1874
1876
1877
1878
1883
1885
1887
1890
1892
1895
1896
1899
1901
1903
1904
1906
1907
1909
1911
1913
1914
1918
1919
1920
1921
1922
1924
1925
1926
1927
1928
1929
1931
1932
1936
1937
1941
1945
1946
1949
1955
1961
1962
1963
1964
1965
1966
1968
1970
1973
1974
1975
1979
1981
1983
1984
1985
1989
1990
1994
1996
1997
1999
2000
2003
2008
2012
2014
2017
2018
2019
2021
2024
2025
2029
2030
2037
2039
2040
2042
2045
2046
2050
2052
2054
2057
2058
2065
2067
2069
2071
2074
2075
2076
2077
2078
2080
2082
2083
2084
2086
2089
2090
2091
2093
2094
2097
2099
2100
2103
2104
2105
2106
2110
2113
2114
2117
2118
2120
2121
2122
2125
2127
2131
2135
2136
2138
2140
2142
2145
2147
2152
2154
2156
2157
2158
2159
2160
2161
2163
2167
2170
2171
2172
2177
2179
2180
2185
2188
2189
2190
2192
2195
2196
2197
2201
2207
2212
2213
2216
2218
2219
2223
2224
2226
2228
2230
2232
2233
2234
2237
2242
2248
2252
2254
2256
2257
2260
2262
2264
2266
2268
2270
2274
2276
2278
2279
2280
2281
2282
2284
2290
2291
2303
2304
2306
2314
2317
2318
2320
2321
2322
2323
2324
2330
2332
2333
2334
2338
2341
2342
2343
2344
2349
2352
2353
2356
2359
2360
2362
2364
2366
2367
2369
2372
2375
2376
2377
2381
2383
2384
2385
2386
2391
2392
2397
2399
2401
2403
2404
2408
2409
2410
2411
2412
2413
2415
2417
2418
2421
2423
2426
2427
2429
2437
2439
2444
2445
2446
2450
2455
2456
2457
2459
2460
2462
2464
2465
2467
2468
2471
2472
2473
2474
2481
2485
2486
2487
2489
2490
2492
2493
2496
2499
2503
2505
2509
2512
2516
2518
2528
2533
2534
2536
2537
2539
2541
2546
2547
2556
2559
2560
2565
2566
2567
2568
2569
2572
2573
2580
2584
2586
2589
2592
2594
2597
2601
2602
2604
2605
2607
2608
2609
2614
2615
2617
2618
2619
2620
2625
2628
2634
2635
2645
2646
2647
2648
2651
2654
2658
2659
2664
2669
2671
2672
2673
2675
2676
2679
2681
2682
2684
2685
2687
2689
2692
2693
2694
2696
2697
2698
2699
2701
2703
2704
2706
2707
2711
2712
2714
2721
2722
2725
2730
2731
2734
2736
2739
2740
2741
2742
2743
2745
2753
2754
2756
2757
2759
2763
2764
2765
2766
2768
2769
2772
2775
2778
2780
2781
2782
2786
2789
2790
2791
2794
2795
2798
2800
2805
2806
2807
2813
2815
2816
2817
2819
2822
2829
2830
2832
2833
2834
2836
2837
2838
2840
2842
2848
2850
2858
2860
2863
2864
2866
2870
2876
2878
2881
2883
2885
2886
2887
2892
2893
2899
2900
2901
2905
2909
2911
2912
2914
2917
2921
2923
2928
2929
2931
2933
2939
2940
2942
2943
2945
2947
2949
2950
2952
2954
2955
2957
2960
2964
2965
2966
2967
2973
2974
2975
2985
2986
2987
2988
2993
2994
2995
2999
3001
3004
3006
3008
3012
3015
3016
3018
3019
3021
3025
3026
3027
3028
3030
3031
3032
3035
3036
3048
3054
3058
3062
3063
3064
3072
3074
3078
3085
3086
3090
3091
3093
3096
3098
3099
3102
3104
3106
3110
3111
3113
3115
3117
3120
3122
3123
3125
3128
3129
3130
3132
3133
3135
3138
3143
3155
3158
3161
3168
3169
3171
3173
3174
3175
3176
3177
3178
3180
3181
3182
3185
3187
3188
3192
3193
3200
3207
3209
3210
3212
3213
3214
3217
3218
3228
3229
3230
3231
3232
3233
3234
3248
3250
3252
3258
3259
3262
3264
3265
3266
3267
3268
3270
3271
3273
3274
3275
3276
3278
3280
3282
3284
3285
3287
3290
3293
3297
3298
3302
3303
3305
3306
3310
3311
3313
3317
3318
3321
3322
3323
3329
3332
3335
3336
3341
3342
3343
3344
3345
3352
3353
3356
3362
3363
3369
3370
3371
3373
3374
3376
3377
3378
3380
3381
3383
3384
3386
3391
3393
3395
3396
3397
3398
3399
3400
3401
3402
3403
3405
3406
3410
3415
3416
3418
3419
3423
3432
3434
3436
3437
3438
3440
3442
3445
3447
3453
3457
3458
3463
3464
3467
3470
3477
3479
3482
3484
3485
3486
3491
3493
3494
3496
3499
3500
3501
3503
3504
3505
3506
3508
3509
3510
3512
3517
3520
3522
3525
3527
3529
3531
3534
3536
3537
3539
3542
3549
3550
3555
3557
3558
3561
3562
3565
3570
3571
3577
3585
3589
3590
3592
3593
3594
3602
3603
3607
3609
3611
3614
3616
3618
3632
3637
3641
3651
3652
3655
3657
3660
3661
3664
3665
3666
3667
3668
3669
3670
3689
3692
3693
3696
3700
3702
3703
3704
3710
3711
3712
3716
3717
3719
3722
3723
3724
3727
3730
3732
3734
3736
3738
3739
3744
3745
3746
3747
3748
3750
3751
3752
3755
3758
3759
3760
3761
3762
3765
3766
3769
3771
3778
3780
3782
3788
3791
3797
3805
3810
3811
3812
3816
3818
3820
3822
3824
3827
3829
3830
3832
3833
3838
3839
3840
3844
3845
3846
3847
3851
3853
3854
3855
3859
3861
3862
3864
3869
3875
3880
3881
3886
3887
3888
3890
3892
3893
3895
3896
3897
3898
3899
3903
3908
3912
3914
3916
3917
3920
3921
3924
3925
3926
3929
3933
3934
3935
3938
3939
3942
3943
3944
3945
3950
3953
3954
3957
3958
3961
3962
3965
3977
3981
3982
3985
3987
3991
3992
3996
3997
3998
4000
4002
4003
4004
4006
4014
4016
4017
4018
4019
4024
4025
4026
4027
4028
4030
4032
4039
4041
4042
4048
4050
4051
4054
4057
4060
4061
4062
4065
4066
4067
4068
4069
4070
4071
4074
4075
4079
4081
4085
4086
4087
4088
4094
4099
4100
4104
4105
4106
4107
4108
4110
4111
4118
4119
4120
4122
4124
4129
4130
4134
4136
4137
4141
4142
4145
4152
4154
4158
4159
4160
4162
4163
4164
4165
4166
4169
4170
4171
4172
4174
4175
4177
4178
4179
4184
4185
4186
4187
4189
4191
4192
4193
4196
4197
4198
4201
4205
4206
4211
4213
4218
4219
4220
4223
4227
4228
4229
4232
4240
4241
4242
4244
4247
4248
4250
4253
4255
4256
4258
4264
4265
4268
4276
4277
4280
4283
4285
4287
4292
4293
4294
4297
4299
4301
4302
4303
4305
4306
4307
4309
4313
4315
4319
4321
4322
4325
4326
4327
4329
4330
4338
4339
4340
4342
4345
4347
4351
4354
4360
4362
4363
4371
4373
4374
4377
4379
4380
4381
4382
4384
4386
4387
4388
4390
4395
4397
4400
4401
4402
4403
4404
4406
4407
4409
4411
4414
4417
4423
4425
4428
4431
4433
4435
4436
4437
4442
4447
4453
4454
4455
4457
4460
4461
4462
4463
4466
4469
4470
4471
4475
4476
4478
4482
4483
4484
4486
4489
4491
4493
4494
4496
4501
4509
4515
4516
4517
4519
4520
4524
4526
4529
4530
4531
4532
4533
4539
4540
4541
4542
4546
4547
4549
4550
4552
4553
4555
4557
4561
4562
4563
4564
4566
4570
4571
4574
4575
4576
4578
4579
4580
4581
4586
4587
4588
4589
4590
4591
4594
4595
4596
4601
4604
4607
4608
4609
4612
4616
4617
4620
4627
4628
4629
4633
4636
4637
4639
4642
4643
4645
4653
4654
4656
4657
4658
4664
4665
4666
4667
4668
4669
4670
4678
4679
4682
4683
4684
4685
4691
4693
4696
4698
4706
4710
4721
4722
4726
4727
4728
4729
4731
4735
4736
4738
4740
4741
4743
4744
4746
4750
4751
4752
4753
4754
4755
4758
4762
4765
4766
4769
4773
4776
4777
4780
4785
4787
4788
4790
4791
4793
4794
4798
4802
4806
4808
4811
4813
4815
4821
4823
4824
4825
4833
4839
4840
4842
4845
4847
4848
4849
4850
4853
4854
4857
4858
4860
4868
4871
4874
4875
4876
4879
4880
4883
4885
4887
4889
4894
4895
4898
4900
4904
4905
4906
4908
4911
4912
4914
4921
4926
4927
4928
4929
4938
4942
4943
4948
4949
4956
4957
4959
4960
4961
4962
4964
4965
4972
4975
4977
4981
4983
4993
4994
4996
4997
5000
5001
