4
6
10
15
18
19
29
33
45
57
58
63
65
72
77
85
89
94
95
96
105
106
112
121
123
130
141
147
149
153
173
177
188
189
190
191
194
203
205
206
208
213
219
220
223
224
225
226
229
234
237
239
248
250
251
261
266
268
272
281
287
292
293
297
299
305
306
325
335
337
341
346
348
358
359
362
368
370
371
374
381
382
383
387
389
391
397
400
403
406
407
408
409
412
418
421
424
425
426
427
428
433
434
436
438
441
449
450
462
463
467
474
480
481
485
486
488
498
500
505
509
511
514
517
523
524
527
529
540
541
542
546
548
552
554
558
561
577
582
585
589
592
601
603
604
606
613
614
622
623
638
644
654
657
659
665
691
694
695
700
715
716
719
720
725
728
737
741
742
743
746
763
765
769
775
785
787
791
797
799
801
807
808
811
813
820
824
827
828
831
834
840
844
866
873
876
881
882
883
891
892
903
904
907
908
909
911
915
917
920
923
928
929
930
932
935
938
940
945
950
951
952
958
962
963
968
969
971
975
982
986
987
995
996
1001
1006
1008
1010
1012
1013
1019
1021
1026
1028
1033
1034
1042
1050
1061
1072
1075
1079
1087
1091
1093
1095
1098
1105
1106
1107
1109
1110
1112
1119
1127
1130
1143
1150
1151
1155
1156
1168
1181
1184
1189
1212
1214
1219
1229
1232
1236
1243
1244
1250
1251
1252
1253
1254
1255
1258
1267
1288
1292
1293
1294
1296
1298
1299
1304
1308
1310
1311
1312
1326
1327
1328
1329
1341
1360
1364
1366
1373
1376
1379
1384
1396
1397
1401
1402
1404
1405
1408
1409
1411
1413
1414
1420
1439
1446
1447
1448
1450
1451
1457
1467
1469
1474
1481
1485
1487
1491
1502
1503
1505
1517
1520
1524
1540
1545
1547
1558
1560
1562
1563
1566
1568
1570
1575
1577
1579
1583
1591
1593
1595
1596
1610
1611
1619
1622
1623
1624
1625
1629
1635
1637
1643
1646
1647
1648
1660
1665
1683
1686
1687
1688
1692
1700
1703
1705
1708
1713
1717
1719
1726
1733
1736
1737
1741
1743
1745
1748
1750
1756
1763
1769
1770
1771
1773
1775
1777
1783
1786
1788
1790
1795
1797
1804
1806
1807
1810
1811
1812
1815
1819
1822
1827
1835
1841
1844
1850
1852
1853
1856
1859
1860
1863
1867
1869
1870
1873
1875
1880
1881
1882
1884
1886
1888
1891
1893
1897
1916
1917
1934
1935
1939
1940
1942
1954
1957
1958
1959
1977
1980
1982
1986
1988
1993
1995
1998
2001
2002
2010
2015
2022
2028
2031
2035
2036
2041
2043
2048
2049
2051
2055
2056
2060
2062
2066
2070
2096
2101
2102
2109
2111
2112
2115
2116
2123
2128
2129
2130
2132
2137
2148
2150
2155
2166
2168
2169
2173
2175
2176
2181
2184
2194
2199
2200
2204
2210
2225
2227
2231
2235
2241
2245
2247
2250
2251
2259
2267
2269
2272
2283
2287
2288
2294
2301
2302
2309
2310
2313
2316
2325
2327
2329
2335
2337
2339
2340
2345
2347
2348
2354
2358
2361
2370
2371
2378
2379
2382
2393
2394
2395
2398
2400
2405
2407
2414
2425
2428
2431
2433
2434
2435
2436
2443
2447
2448
2451
2452
2454
2469
2470
2475
2476
2478
2483
2488
2491
2498
2500
2502
2510
2511
2522
2526
2531
2532
2540
2542
2543
2544
2548
2550
2551
2553
2555
2558
2561
2563
2571
2574
2575
2577
2578
2579
2583
2585
2587
2588
2600
2603
2606
2610
2611
2613
2616
2623
2629
2636
2637
2641
2649
2650
2655
2656
2657
2663
2665
2666
2668
2677
2683
2688
2695
2705
2709
2717
2718
2720
2723
2726
2727
2728
2729
2732
2733
2735
2738
2744
2748
2750
2751
2758
2761
2767
2777
2787
2788
2797
2801
2804
2808
2809
2810
2814
2828
2831
2835
2839
2841
2843
2844
2845
2846
2851
2856
2859
2862
2865
2873
2877
2880
2890
2902
2903
2908
2910
2916
2918
2927
2930
2932
2935
2937
2944
2946
2948
2956
2959
2962
2968
2969
2976
2977
2979
2980
2983
2989
2990
2991
2998
3003
3009
3033
3034
3037
3038
3039
3041
3045
3047
3049
3051
3055
3056
3057
3059
3067
3069
3075
3076
3081
3082
3083
3084
3089
3092
3094
3095
3097
3100
3109
3116
3118
3136
3144
3145
3148
3156
3160
3162
3163
3164
3166
3167
3183
3194
3196
3198
3206
3221
3226
3227
3235
3238
3240
3243
3244
3245
3247
3254
3256
3260
3261
3279
3281
3283
3286
3288
3295
3296
3300
3301
3304
3307
3316
3326
3331
3333
3334
3339
3348
3349
3361
3364
3366
3375
3382
3390
3394
3404
3407
3408
3409
3413
3414
3417
3420
3421
3427
3444
3446
3450
3451
3452
3454
3460
3461
3468
3471
3473
3475
3478
3481
3487
3495
3497
3498
3502
3507
3511
3513
3515
3521
3530
3533
3540
3543
3545
3554
3556
3559
3560
3566
3568
3569
3572
3573
3574
3575
3578
3580
3581
3586
3588
3591
3595
3596
3600
3605
3606
3610
3617
3622
3624
3625
3626
3628
3629
3630
3635
3643
3647
3649
3654
3656
3659
3677
3678
3682
3684
3685
3694
3697
3698
3713
3714
3715
3718
3721
3733
3735
3737
3742
3743
3756
3763
3764
3768
3770
3775
3776
3784
3789
3790
3794
3795
3796
3800
3801
3802
3803
3806
3807
3809
3813
3814
3815
3817
3821
3825
3826
3834
3835
3836
3848
3849
3857
3858
3860
3865
3866
3867
3868
3871
3872
3876
3877
3878
3882
3883
3884
3885
3894
3901
3902
3904
3907
3909
3910
3913
3922
3927
3930
3931
3932
3940
3947
3951
3955
3956
3959
3970
3973
3979
3983
3988
3989
3990
4001
4010
4012
4021
4022
4029
4031
4034
4037
4044
4047
4049
4056
4059
4063
4064
4073
4078
4082
4084
4089
4091
4092
4097
4102
4103
4112
4113
4114
4115
4121
4123
4125
4131
4132
4133
4139
4140
4144
4146
4149
4173
4176
4180
4181
4183
4195
4199
4200
4203
4204
4208
4210
4214
4216
4217
4222
4225
4226
4233
4235
4236
4237
4246
4249
4257
4263
4270
4273
4275
4281
4284
4286
4289
4296
4298
4300
4304
4308
4312
4318
4323
4324
4328
4332
4333
4334
4335
4341
4344
4350
4356
4357
4361
4367
4372
4376
4394
4396
4408
4412
4413
4415
4416
4422
4429
4438
4444
4445
4446
4451
4458
4464
4465
4473
4479
4485
4488
4490
4492
4497
4498
4505
4507
4510
4511
4512
4514
4521
4523
4535
4543
4545
4551
4554
4556
4558
4559
4560
4568
4569
4573
4577
4582
4584
4585
4592
4597
4598
4600
4602
4603
4606
4613
4615
4618
4619
4623
4624
4625
4630
4631
4649
4651
4660
4673
4677
4680
4688
4689
4690
4692
4699
4702
4703
4704
4707
4713
4719
4732
4733
4737
4742
4747
4748
4749
4756
4757
4763
4767
4771
4779
4781
4783
4784
4799
4805
4809
4817
4827
4829
4831
4836
4837
4838
4841
4843
4844
4846
4856
4863
4864
4865
4867
4877
4886
4890
4891
4893
4896
4899
4902
4909
4915
4918
4922
4923
4924
4925
4930
4932
4935
4940
4941
4945
4946
4947
4951
4953
4954
4955
4967
4968
4970
4974
4976
4979
4984
4986
4988
