7
14
16
25
28
32
34
40
48
54
60
64
69
71
78
86
91
100
104
109
116
117
118
124
125
132
138
140
148
155
165
167
180
186
216
232
238
240
241
242
249
258
265
269
273
277
278
303
310
311
313
314
317
320
323
330
331
334
338
355
356
360
393
396
415
420
430
435
443
444
472
484
491
493
502
508
519
520
521
522
526
532
544
550
551
557
560
570
575
578
579
596
607
617
634
648
663
675
676
677
680
682
686
690
692
693
698
701
703
710
717
729
735
736
745
758
762
764
773
774
779
782
788
790
795
796
810
812
815
817
833
839
843
847
851
853
854
857
861
871
879
884
885
889
894
897
898
910
912
927
931
934
943
949
957
959
966
972
976
978
980
983
994
998
999
1003
1005
1015
1020
1027
1037
1045
1049
1054
1057
1065
1069
1077
1094
1111
1116
1131
1132
1137
1152
1161
1173
1182
1221
1223
1234
1239
1241
1246
1248
1257
1262
1270
1272
1275
1276
1285
1287
1289
1307
1309
1315
1316
1336
1348
1350
1351
1353
1354
1415
1418
1421
1438
1442
1444
1449
1452
1458
1459
1460
1465
1476
1478
1488
1490
1495
1501
1509
1530
1538
1549
1552
1569
1571
1573
1578
1584
1585
1586
1587
1590
1597
1605
1607
1608
1614
1618
1621
1636
1644
1651
1655
1656
1658
1661
1663
1669
1670
1672
1675
1680
1681
1684
1689
1696
1701
1704
1711
1712
1715
1716
1720
1727
1730
1747
1753
1759
1760
1767
1768
1778
1779
1789
1801
1817
1839
1843
1845
1846
1855
1858
1864
1865
1872
1879
1894
1900
1902
1912
1933
1943
1947
1956
1976
1991
1992
2009
2016
2020
2023
2026
2032
2044
2053
2063
2064
2068
2085
2087
2088
2119
2133
2134
2141
2144
2146
2149
2151
2153
2162
2164
2178
2182
2183
2193
2202
2203
2205
2209
2221
2222
2238
2239
2244
2246
2253
2263
2273
2296
2299
2315
2319
2326
2346
2357
2363
2365
2380
2389
2402
2406
2422
2424
2432
2438
2440
2461
2466
2484
2494
2495
2504
2506
2507
2517
2523
2524
2535
2538
2545
2554
2562
2564
2590
2598
2612
2621
2632
2633
2642
2643
2644
2653
2662
2670
2674
2680
2690
2700
2708
2710
2713
2715
2716
2724
2737
2746
2747
2749
2752
2755
2762
2773
2776
2779
2783
2785
2796
2811
2812
2823
2824
2852
2854
2867
2868
2871
2872
2874
2882
2884
2888
2889
2894
2895
2915
2919
2920
2922
2925
2938
2953
2958
2971
2972
2981
2982
2992
2997
3002
3005
3007
3013
3014
3020
3022
3023
3024
3029
3046
3050
3052
3060
3070
3071
3073
3077
3088
3101
3103
3107
3121
3124
3134
3146
3150
3151
3154
3157
3172
3190
3191
3202
3203
3211
3215
3219
3223
3224
3237
3239
3241
3242
3249
3251
3269
3272
3289
3324
3325
3327
3337
3357
3358
3379
3387
3389
3411
3424
3425
3430
3433
3449
3455
3459
3472
3480
3483
3488
3514
3518
3524
3528
3532
3544
3552
3553
3563
3587
3597
3599
3601
3604
3608
3619
3620
3623
3638
3646
3648
3653
3662
3663
3671
3672
3673
3674
3675
3676
3679
3687
3688
3690
3691
3695
3701
3707
3709
3725
3729
3740
3741
3749
3753
3772
3774
3779
3787
3799
3808
3819
3823
3842
3850
3852
3856
3863
3874
3879
3889
3891
3900
3905
3911
3915
3919
3928
3936
3948
3963
3964
3967
3968
3969
3972
3984
3986
3993
3994
3995
3999
4005
4011
4020
4023
4033
4035
4040
4043
4046
4052
4083
4095
4096
4101
4126
4143
4147
4148
4161
4167
4190
4194
4207
4209
4224
4238
4239
4245
4252
4254
4259
4266
4272
4278
4279
4290
4291
4295
4311
4314
4317
4320
4331
4343
4346
4352
4355
4358
4364
4368
4369
4383
4385
4389
4391
4392
4393
4410
4420
4424
4426
4434
4440
4441
4443
4448
4452
4456
4459
4467
4468
4477
4495
4499
4508
4513
4518
4544
4548
4565
4567
4572
4599
4610
4611
4621
4626
4632
4634
4635
4638
4640
4641
4646
4648
4663
4672
4687
4694
4701
4708
4712
4715
4724
4725
4760
4761
4764
4768
4772
4775
4786
4796
4797
4804
4807
4810
4814
4828
4830
4834
4835
4852
4861
4862
4873
4881
4882
4884
4897
4907
4910
4917
4919
4920
4931
4933
4937
4952
4971
4973
4992
