104.202023600722	35.4976286491226
104.191265906728	35.0354481992292
104.524972110516	35.1276479228088
103.47830816732	34.7388546908194
104.539291114444	35.2724625569775
104.247232793935	35.1272361277756
104.293382758534	34.8201580974499
103.909176436911	34.4946645713216
104.184116525501	34.982183557938
104.061248646992	35.269177691916
103.706812078621	35.0693089372459
104.183133841875	35.5060752569421
103.46866675999	34.9623556842966
104.073425005962	35.351701908579
104.198325774972	35.3950693710468
104.04389860898	35.3501154026613
104.15355544278	35.3632946622292
104.196695345742	35.287765792014
103.807628087235	34.511278880018
104.350567404302	35.0491907172038
104.453062545722	34.8084333635503
104.166217055752	34.4866776876753
104.609155010574	35.1615254202663
104.260653623663	34.9230353885311
104.528451234031	35.1864058854143
103.941156969434	34.5142014688534
104.027188639576	35.5484824642084
104.043871120293	34.4679433081332
103.923053429513	34.4861878719828
103.895945725956	35.4820195388635
103.885321481978	35.4645434908137
104.582679535322	35.0540633371152
103.473169548047	34.8814988531491
104.471051945804	35.2056912714889
104.015697479917	34.4167419623791
103.515261203339	34.7362842209158
103.743067932177	35.6012076186895
104.193755388215	34.5248718469785
103.785223761511	35.2297699408541
104.14638829536	35.4041925452808
104.217602723043	35.1117711747419
104.192440879647	35.4829373212136
104.493106288751	35.0429860774056
103.990571857957	34.5779762925694
103.760585351917	35.1626830165352
104.044461973679	35.0212746067672
104.198104418955	34.7691079423549
104.102607577097	35.2636553897242
104.369438074277	35.2524664599533
104.305768181663	35.4333180007333
104.519829375432	35.1737556093954
104.148341586769	35.3151307002832
104.462170834147	35.1702443528797
104.166989970236	35.36507877605
104.051088987756	34.9812749227547
104.087103218442	35.0440415077
104.340375973766	35.2971301565891
103.962730162435	35.4118202157207
103.64994400695	34.6961902771751
103.443614753945	35.2970465788941
103.459291924995	34.7649730494473
104.183505608774	34.4673892324026
104.016326415967	34.7376722883117
104.160103329218	35.4912880950548
103.597172503447	34.8354051013339
104.541933485858	35.2075081532682
103.457189344046	35.1359752002682
104.46980002095	34.7868389458079
103.437658860971	34.9509503544502
104.095588575133	34.4128563690581
104.094940275056	34.7958906453904
104.479874474888	34.6940942450098
103.884377154914	34.4876287042144
103.543962251719	34.7329413128148
104.174653004885	34.8558448282785
104.461981543891	34.7232609886492
103.552163722571	35.01498461072
104.220900093745	35.2234368894078
104.337247393901	34.9402501453665
104.000106734935	35.5960387554253
103.989170230758	35.5760739795766
103.441878293274	34.9346559035888
104.081961798288	35.1816948508917
104.266202894346	35.5024341995089
104.173229640384	35.1858625063354
104.174812806184	35.1558225963814
104.339655589116	34.5586704020213
104.132694107416	34.5836943487216
103.969509709614	34.4965871267437
103.623894581296	35.0382468538292
104.248414897676	34.8731555602396
103.517133635475	34.7542088764404
103.95341037265	34.4849175354944
103.470628038647	35.1340807186241
103.462514057648	34.7755402929643
103.941976694191	34.4175309831801
103.616025457763	34.6039929081727
104.036097933565	35.2141154992561
104.16259184789	34.8008720190097
104.519550698995	35.0117535616605
104.595918483678	35.0541967072839
104.428341299623	34.6396011920958
104.266373634439	34.8423273842468
104.23493311524	35.5122152198702
103.779590080959	34.5732228688437
103.519897585199	35.3039396946446
104.022201592076	34.5733927821615
103.521867606013	34.9889459326541
104.527030580002	35.0070959735156
103.858026675764	35.3291080010694
103.823779854986	34.5459025440429
104.019608913669	35.4831756942769
104.585775662813	35.1434044611493
103.438344676342	34.9510531443979
104.534852636614	35.3029800938377
104.519824676555	35.2158636225856
104.185177806519	35.1716800700266
103.937416562631	35.6018311225009
103.541912851433	35.3522773893333
104.500625403982	34.6186600949862
103.552867368882	34.7097229610952
104.326606210589	35.3345981923894
104.090938648797	35.3845950544675
104.181773613478	35.249024787443
104.108772293306	35.3975931316394
104.58089124763	35.1921450664036
104.464740784525	35.0804239853225
104.052559101778	35.4128539808482
103.864824797977	35.3695519711763
104.168739382427	35.2149782121111
104.227246421937	35.2186456951451
103.627024868504	35.0751343874418
103.49075012158	34.7312822021986
104.015432223546	34.4989596978738
104.375302754768	34.8382308945985
104.182654112958	35.433337761037
104.215451224441	35.2537095050276
104.370091079837	34.8598025892377
104.016783422249	35.0515408101362
104.206308898212	35.3526306827671
104.322275679113	35.5258306714418
104.510355211215	35.270274485979
103.925551263332	35.5438686563603
103.776650315412	34.5435462066553
104.1709493245	35.5306692370251
103.87006070731	35.0005966338876
104.323281049647	35.3241433750092
103.936580108374	34.4554475389851
104.340870334428	35.0203500089515
104.438207628194	35.4042292462773
103.466707566819	34.9512690482373
104.329184625101	35.1258632539085
104.297814778162	34.792644400218
104.061745181285	34.7288968641274
104.49397124895	35.0177434419082
104.565744192301	35.2877292777455
103.508640159632	34.946253366115
103.914984548705	35.5429751418671
103.96195894561	35.4817937714446
104.320031792394	35.0177845738675
103.992495294251	34.8028676484905
103.792144989768	35.2233617419203
104.179033118035	34.5494072998058
104.002874063309	35.3071011949216
104.170339698115	35.2784742732213
103.606542858186	35.1307803394965
103.789838885321	34.9769541332822
103.704154114365	35.0738073254093
103.49007061928	34.804444194485
104.240590930708	35.4300279281238
104.261220057687	34.7047838805493
104.187519781753	35.3643431372938
104.09365711414	35.156589907883
104.261812965563	35.4724108403231
103.866751389826	35.4520056975533
104.337619893895	35.0422003919656
104.06675231852	34.471690807176
104.16898702921	35.2028386396384
103.710804124189	34.7027526041797
104.00176091626	35.528444181911
103.625423759606	34.6931774847959
104.023283267324	35.1893601748237
103.837130161741	35.5707058168989
103.564820853636	35.2771094924003
104.591014938	35.2573731262956
104.086231620019	35.3776080179143
104.216402073837	35.5073647540251
103.492277919812	34.9747249568326
104.258488359354	35.0403045977021
103.87243347286	34.7684621016522
104.307926886855	35.0299374123127
104.191294985661	35.5158947016531
104.066217299611	35.2211048524646
104.034849774142	35.4781154692756
104.25258040699	34.9950611320384
104.327713035474	35.2978464206423
104.200892296522	35.249822228499
104.306909611651	35.1954918447496
104.51994327742	35.2664183813027
104.503533761198	35.2729200859425
103.490351951575	34.92578124643
104.218200031149	35.2321063930164
103.820247059349	34.7348673438337
104.274271417746	35.2528361178781
103.435834092492	34.7896919596585
104.179221653895	34.8319104536141
104.238569791858	35.1563730350579
104.364629735046	34.9128659027105
104.148127363975	35.1821778818046
104.291774443134	35.5049409709848
104.445384561875	35.0930160155619
103.938752484327	35.4676721395283
104.142809283716	35.1882891176586
104.218523543896	35.4991017890813
104.256619202009	35.2330510206568
104.095056557353	35.2258788846829
104.157926748009	35.2777581442275
103.690832715323	34.5676701340269
103.991364325177	34.7415522111352
104.221892569626	35.4891674674055
103.79813319334	35.0279252084088
104.426553497551	35.297031431866
104.05368821797	35.3726924560019
103.562957777818	35.1545677438496
104.173613272992	34.5706167326787
104.066555024603	34.3644198137192
104.014855116308	35.3310660982642
104.469895317661	35.0235962171364
104.047444667044	34.4537948831077
103.439115806908	35.1558843262908
104.093198976621	35.4858610110573
103.422257200766	35.0345302113703
104.538038951728	35.198283804927
104.290938703047	35.5223325710854
104.418586111042	35.4132509069127
104.571781463477	35.1855896285073
104.335367982061	34.8068670996293
104.070337316527	34.4139997581128
103.508895747459	35.2991109965405
104.316350977369	35.5251812573381
103.55768179293	35.3576169833625
104.141691350157	34.5439875580041
104.322783885307	35.0074589958536
103.731196592172	34.9904430349162
103.790676767354	35.379920732596
103.549226100474	35.3871595450384
104.061717439518	35.3829982880351
104.26085396707	34.7076468820205
104.283589755593	34.7313892638068
104.357108745941	34.8042724478076
104.499482695112	35.2684108270834
104.223864488394	35.0675339969435
104.027068797705	35.1024182822868
104.017150891799	35.5026762603376
103.754304452131	34.5415119702061
103.489161009985	35.2046915890314
103.887847710094	34.457555865948
104.244708027015	35.2541356576052
104.472908908449	35.3171834058666
104.486507300063	35.0263043934211
104.33818547058	35.2614827563903
104.200604335353	35.3473632239424
103.521813064386	35.0523807438178
104.08426664979	35.2413764537613
104.272735171464	35.5472523968163
104.265003656133	35.0614260125878
104.325108384589	34.9150195553673
104.539239293153	35.0779595581102
103.870218219218	35.5054976528339
104.239577182629	35.5146973727303
104.30679846584	35.0452642533109
104.620994336856	35.0660007389437
103.760635716642	35.3512537586236
103.485704959434	34.9355523266192
103.496505506949	35.2894228372338
104.362126496563	34.8800210645164
104.607348102398	35.0557604032748
104.193924974848	35.1479886415906
104.364891116485	35.0856183250345
104.098584577782	35.3624700274816
104.1933333021	35.3003882098764
104.076419669451	35.3758980544323
104.072160475093	35.3479728051844
104.244580967797	35.0894198128655
104.3352606825	34.8912164241877
103.870021260515	34.7668917506907
104.519050972546	34.9823811992593
104.210356977722	34.4363844100212
104.390966901581	35.1800018364576
104.40500308191	34.5445082262873
103.518594970334	35.0276545300883
104.202241230421	35.2927992844134
104.076542282648	35.2316947169611
104.494929653843	35.2736669416467
104.261569915979	35.1094978360236
104.05517878531	35.3712867642648
104.287581043214	35.4716470236409
104.409158115743	35.4641054905904
104.057284265646	34.4682884878292
104.179966496878	35.4180997204811
104.090408445242	35.1801083814352
104.246471436079	35.5055592061942
104.318453930893	35.0575845290355
104.315941677258	35.1001023505845
104.379705467587	35.2050213142936
104.074938408434	35.1843472913094
104.129752876943	35.1242193129836
104.448135659471	35.1701681696455
103.47422866431	35.2307589327069
104.419022773568	35.4413799846158
104.178261399835	34.7679688834202
104.421256963719	35.4095233181559
104.619638366533	35.0778006327215
103.708238580166	34.5585089025558
104.302704107854	34.6863463166599
103.917391059904	35.5005034146848
104.516856991308	35.0829401323686
103.77601332283	34.6857453135626
104.194620461193	35.2683377333016
103.534483307256	34.7516959791891
103.48313745529	34.7778191249614
104.250668918178	34.5451657369985
104.475010948086	35.2831385444669
104.117378164205	35.3023818217556
104.202747809669	34.4598340139245
103.845995120218	34.4770413949127
104.148004015956	35.414973208953
104.39356241202	35.1786299382127
104.186456647884	35.1595449843623
103.794291172531	35.412302043672
104.273005044045	35.1266233256276
104.090186827236	35.2230228060743
104.241049237614	35.2659394565291
103.810480501749	34.5681269146952
104.132109685541	35.2300890100948
104.253016306474	35.3269730178968
104.046882239294	35.3070552155675
104.028170978111	35.0590740515209
104.311031323713	35.2703094935246
104.036169910985	35.4326061343233
104.039547761992	35.2602421042609
104.08254270029	35.173934817117
104.206675087063	35.3804711777211
104.179534178787	35.368010793604
104.069472638427	34.4733560847697
104.20225719193	34.4586720828779
104.430520578417	34.6482450782079
104.185936843888	35.1533108178029
104.25196884816	35.5199302567248
104.02031097729	35.5432815462182
103.54078903761	35.0804760007226
104.187855022963	35.2702338377657
104.268566657738	35.0958367418844
104.310813511384	34.6082762115303
104.084976295705	35.1816401463645
103.903656604092	34.9211339920016
104.24256833019	35.065914871888
104.434700582696	35.2301587712832
104.043328478728	35.329045549419
103.519140607044	35.0109405627925
104.145361800555	35.2593140180609
104.126871490687	34.5521093674132
104.382394153979	35.1968528172698
103.831009939888	34.5085611340549
103.620722904162	34.6026637046274
103.589860311426	35.375174713988
103.695972207368	35.2412154558027
104.304870645327	35.0943704632733
104.211281963323	35.2457968895882
104.584829703371	35.1379175304111
104.546619969474	35.1956465269101
104.119982767859	34.5332474229937
103.923233175075	35.4662930630846
104.24250208408	35.234763985946
104.154352840124	35.3308524850429
104.430153223336	35.0476588812751
103.915730097072	34.8681522847264
104.496444534882	34.8736174467665
103.806831423634	34.9228493591515
104.184588178526	35.2582144207594
104.338491082208	35.4497086003622
103.615706047641	34.7980327848572
104.405433014159	35.3295994005955
104.607228529546	35.0884790530712
104.381361584823	34.9282658256812
103.898730431823	34.9113813089367
103.695286788928	35.0628552887424
104.16285701615	35.2400970798979
104.326011216468	35.0336322500425
104.115936459923	35.3213505271468
103.487384851353	35.2712657680763
104.252677899589	35.5014672953885
104.118026124524	35.1217801401836
104.243890239119	34.4424849440689
104.531608417997	35.1814019374448
103.880626651918	35.5030276815079
104.159999580711	35.3010832053515
104.058392778493	34.5702773998152
104.116163116151	35.1307312708602
104.594349456572	35.1302218483749
104.279772580177	34.6743960840619
104.269391793074	35.4974378021711
104.260489446121	35.5293938059924
103.886376157971	34.8715319075048
103.904359711212	34.5211038681334
104.119384733855	35.0442548032084
104.324836097008	35.0443166780342
103.917356689839	34.4680300311725
104.049076473045	35.302045181626
103.703308170988	35.0081185187994
103.866458489701	35.3229621216599
103.447696729399	34.7972211945641
104.092644229463	35.5208010206949
104.116152740377	35.3697581572474
104.167722847747	35.2855820813052
104.217767611302	35.1719008419299
103.681873573133	34.6985550955763
104.04324394682	34.555365594264
104.105517256689	34.5168951417002
103.780312695933	34.50507244957
104.156970435347	34.5125784504331
104.052992204312	35.2425579154341
104.103641125933	35.4768659089489
104.195766795545	35.1026421219712
104.382769856291	35.1966024472074
103.470386834078	34.7918518125866
104.385281662284	34.8194642057674
103.408376504604	34.8257392092617
103.471434244203	34.7753363853471
104.224406783481	34.4790745089345
103.936935052025	34.4193071521308
104.277368112209	34.8468688923393
104.014584971235	34.507670031294
103.945975304126	35.5390533248065
104.058514374307	34.5650186678465
104.165058255396	35.3181634249106
104.273699580373	35.3490518363398
104.003065095207	34.5501570179603
104.587349660027	35.1530456055225
103.628796080083	35.4135103625652
103.851544330867	35.5118695149582
104.14964458116	35.5971781957855
103.510622857398	35.1688876408025
104.336443749686	34.7787827922471
103.759366793863	35.2143414436879
104.144519252773	35.3004959688078
103.559960678103	34.7497358567208
103.970236034555	34.4722849814592
103.849249751601	35.4909846888902
104.285306778606	35.0781174068687
104.035354055246	35.2892904975729
104.332865336596	35.0433752618683
104.05277795182	35.5513986940303
104.284287042245	35.2706088417216
104.204579551047	35.1694181134747
103.898830553701	34.8134934983815
103.832191573036	35.4559205931463
104.181421741844	34.5245189189318
104.376033258911	34.8240066870526
104.173541577142	35.3341640928627
104.209964821464	35.3785545290836
104.100817411324	35.4018281960456
104.126630493118	35.2956674244504
103.765793952317	35.5454657488316
104.346690504988	34.9185888480446
103.475119081991	34.935202371814
104.262492542862	34.6576720860011
104.375292988937	35.0019406681839
103.790343800186	34.5727133000534
103.540776668387	34.7119517189195
104.321472434285	34.507375201041
104.27579758489	35.0825515820387
104.091206522065	35.1918992980889
104.264337847671	35.2463558569725
104.171929905432	35.5117973294513
104.239731154908	35.5325350392092
103.952132969427	34.4589235345079
103.586625331723	34.7357003851519
103.986686501607	34.497433602521
104.083903482895	34.8632860969241
103.45189764389	34.9332877938841
104.138111333524	34.8645910321991
103.661708210983	35.1504300859643
104.07357087358	35.395975744952
104.076876260406	34.6800038784858
104.085873270003	34.9448996942964
104.137505286744	35.5006941395125
103.790633965185	35.3312272794437
103.509685772075	35.235130172968
103.701382895258	34.5403927505673
104.021117137364	34.6049089761717
104.271414780738	34.74289862093
104.450047891286	34.6325853886375
103.59962616919	35.4563880311634
103.45723254275	35.1510179479029
103.589315856148	35.0786573064394
104.352013703673	34.8655164574719
104.265404857727	34.8326531368587
104.578594381702	35.1607405834052
104.245641553285	35.0786168741552
103.862777296924	34.3996633098631
103.558023494196	34.6345762864274
103.464185886731	34.7424424469781
103.93584430034	34.4878074958957
103.923539660765	34.4543760251978
103.978329758783	34.5511288525106
103.540770120769	34.6886758206356
104.523837432681	34.9397579139999
104.128675522996	34.695190643481
104.344980237554	34.9411561664569
104.394985363969	35.1876966503763
104.331504961958	34.7574291322721
104.283716884066	34.8150190743529
104.544503935023	35.1840156443616
104.592013739982	35.1617848013518
103.752935802932	34.6394717038568
104.334663440537	34.4968643585374
103.467006783363	34.7718640051393
103.493395545168	34.7494808576198
104.595443289309	35.0658666403276
104.105421243347	35.5218989798157
104.277925923571	34.7188837746846
104.232560295239	34.4923166552099
103.591923273896	35.3674147378282
103.575464524781	35.2668155970143
104.505686477606	35.0504641227127
103.732065074344	34.5479757927677
104.088465038928	35.526968712259
104.377802486304	35.210373865477
103.737857630166	34.9837712538098
104.391732821709	35.1162447128021
104.301791728602	35.3982895825007
104.533941097754	35.2635865263234
104.047678488023	34.5456525347328
103.827325478669	34.6976024899486
104.388534269292	34.5773563622552
103.869235560104	34.9385660559127
103.875326832514	34.997304315077
103.830239883381	35.4393005160831
103.883451497557	35.5032868667932
103.616973870955	35.0912317871524
104.236899316929	34.664868095762
104.49850746384	35.0707133339331
103.766314439185	34.6339425158831
104.018043611187	35.3884302662118
104.004958498336	35.5012678920379
104.209147330969	35.0826668858765
104.342642739897	34.9145314617
104.033113144046	35.6270221654881
104.082993525762	35.0097356487777
104.53791052891	35.3522308767368
103.824426483398	35.20851535866
104.477054023515	35.0563622261389
104.06823822095	35.3547917100491
104.249324101006	35.373054580671
103.489898800979	34.9506720077318
103.506651377137	34.7278220513533
104.424249924396	35.2142145951199
104.374737272025	35.1911635493284
103.74897057607	35.0253331913214
103.832749104212	35.4627143241816
104.240077132541	35.2500559736314
103.885336188995	35.5223223080981
104.225083353631	35.1159033043875
104.176498418071	35.2808694072304
103.902680420858	35.3329691725885
104.166093181344	35.5110228708967
104.602104850098	35.1385316203337
104.518813655684	35.19211533695
103.522991460718	35.311400252533
104.395752374149	34.8176228623344
103.425539183769	35.1436256521789
103.603616785431	35.026714871194
104.314257711542	34.9577663624037
103.52149875636	34.6786177688178
103.995552284936	35.6000446055811
104.116574940298	35.4083568804063
104.032349044883	35.4742152235499
104.216640042258	35.1819443227653
104.096298122149	35.5831659088873
104.452237818638	35.0335115873489
104.373269047056	34.7718169060953
104.170057085686	34.4583945701786
103.4202140065	35.115741300604
103.84886457865	35.5141459235617
104.021505982547	34.4459898224378
103.957585980307	34.4124588704736
104.241087463069	35.2029099498765
104.144956681669	35.179348171628
104.016996153106	34.4333413381827
103.976424444444	34.4785811972037
104.267608097662	35.4880110001077
104.529610377869	35.2752764694411
104.491771571455	35.1932411749859
104.107366347465	35.4709125133523
104.198438789249	35.1696078878949
104.013643357993	35.5075478787512
104.188904176009	35.4153380781314
104.206785541268	35.3047131751963
103.900830995634	35.0615809056295
104.146741086017	35.3925034654909
104.063278125078	35.3934551125966
103.489540514956	34.7817318976812
104.465426028782	35.2156268245442
103.567567109999	34.7197455189474
104.040086209768	35.5816733013012
103.941458568667	34.4270543627668
104.164288413961	34.5488186338901
103.521280858626	35.2449651939887
103.488031200908	35.1781007933306
103.536214314077	34.9602375108798
103.479777921845	34.9846011577813
104.222427280955	34.8797067381234
104.020155267216	35.4687766492919
104.355395600998	35.0088605080107
103.665218540512	35.3505017371123
104.190760082452	35.2694572629163
104.134506909896	35.3556695460325
104.393868874753	35.1894422164825
103.866148232892	34.9295029819381
103.797134482707	35.3651722821978
104.304215686494	35.264793894368
104.164202983954	35.357779792243
103.649334751798	35.0642333854815
103.957998588973	34.4416774206129
104.259306488666	34.4238494688078
103.907284979186	34.4968494806559
104.185302327918	34.449154670677
103.422189594434	35.0569939815081
103.639740062585	34.6246503033254
103.603291953945	34.7408646888058
103.475505194653	34.8713319893583
104.467048243099	35.1806657563265
104.268923439039	35.3691317868078
104.117892707771	35.1906149377826
104.486356890702	35.3015248070901
104.304451823803	35.414560177212
103.938809325849	34.4289555691052
103.459241372484	34.994233975644
103.78581515497	35.5233862212532
104.461652062934	35.4263116856745
103.477054467613	34.752496908207
104.565883945218	35.1719258256047
104.3831582342	34.8132571237373
104.487164227459	35.3381490948446
103.524836348851	34.7066155823638
104.390247729448	35.2374877838442
104.408892770843	35.2299041704134
104.053526430183	35.5653902613717
103.8785681197	35.511921811199
104.197091369465	35.5336449242982
103.833981827619	35.4938122037279
104.166978399824	35.2876882196816
104.147061564725	35.518818589348
104.470495704261	35.2031117053221
104.571135240735	35.1994454949157
104.170937280239	35.0600629920359
104.204874395653	34.4605662228931
104.239830211234	34.7084723608478
104.198901947338	34.6496490663005
104.246194232318	35.5207047795614
103.717833069886	34.962633032842
104.199428930945	35.5090383180737
104.081152823604	35.2294628537492
103.890520728783	34.9473644200817
103.978416635749	35.3249173191852
103.479851781161	34.8114264937663
104.420962337442	35.0757484130689
103.864287388283	34.9744819325168
104.568048063967	35.1106791630063
104.332841260367	35.4152900188178
103.890300888925	35.4852892887883
104.109832752937	35.1793772491846
104.042910136631	34.4494945060337
104.542216440627	35.2562579631958
104.354731292463	34.8293458532729
104.168105683736	35.5229550727064
103.81915681994	35.4074886783322
104.121949127151	34.5196612593923
104.124830481095	35.4314160483493
104.350452066136	35.0700596911309
104.079199348866	35.5151251800342
104.103566862819	35.5658070661344
104.206877729146	35.2311219539247
103.559382939027	35.1361352358162
103.791286882444	34.9773605576491
104.315790078598	35.3540232719512
104.282758427713	35.0858965408845
104.24493448992	35.2149199845507
104.343083826584	34.4982607021889
104.408421363033	34.5788403639732
103.53917683359	34.7691208379073
104.370458154431	35.0028807053825
103.810414873519	34.5093659642353
104.222183164505	34.4595963860083
104.063095041794	34.4627916563692
104.479088694006	35.0069538834729
104.32927913121	34.7886553616212
103.942091235531	35.3435014896134
104.217347523201	35.2894817041961
104.016854105289	35.514683175975
104.164764366963	35.3612652765484
104.026604440227	35.5156483380214
104.214162987988	34.4262357864563
103.970440360441	34.4802801352186
104.071349538665	34.6971045103321
103.430768788798	34.8528473639903
104.470507597033	35.2173639378651
104.16685280927	35.3752991471968
103.573965658383	35.3803391272283
104.510315120928	34.9827579726388
104.242234508845	34.4237698669439
103.905668157049	34.4637645840164
104.45540854958	35.0025901815016
103.92658453042	34.5045996423696
103.946103720473	34.6963665322549
103.459524000115	34.8998515356274
104.04102474101	35.4978122576376
104.093276602266	35.2483772392146
103.500691856469	34.9050678719278
104.269712032784	34.8730119766204
103.47657674292	34.934213499969
104.268456826826	35.1308064534446
104.081280443234	35.1999942903149
104.184520987902	35.4978831398675
104.337900639499	35.4926370743532
103.778696854133	35.1564321611824
104.228353119028	35.2691532872171
104.200067394086	35.3675279554206
104.234262723701	35.5317434666712
104.086567529938	35.2473182333358
103.902146002269	35.4957452035058
104.192934936524	34.4315653064623
104.389751358454	35.1131087246534
103.763159400659	35.1259996292019
104.080518427372	34.8730968595056
103.893056631897	34.7859190543395
103.443258325064	35.0155993656849
104.493021878662	35.0761814016661
103.500999237175	34.8544103174888
104.026575573847	34.7146097459249
103.982621026392	34.4763781941848
104.236586585497	35.1886329399215
104.480307386052	35.204079705068
104.445726021852	35.181355509726
104.225988179484	35.082788571694
104.258211293241	34.8820799779641
103.867411866804	34.7360112734634
104.246863360199	34.8653494525484
104.511903966178	35.1596239571865
103.754046699019	34.6532741869032
103.485824757822	34.7557267007622
103.983629293623	34.4861874845732
103.586360889016	34.7524454384189
104.260365292688	35.4963028139018
104.368610662938	35.4488146572088
104.349373079092	35.0926943494987
104.134983651659	35.3530177587169
104.098818870622	35.0982369286261
104.2187871911	35.3687096374113
104.229655032847	35.4194573244341
104.219644941312	35.203696042337
104.097581747623	35.183292484083
103.970660413692	34.7211995065697
104.339851598458	34.9713445862557
103.386732342884	35.0685792626372
103.870648960786	35.5214203912338
104.302899121866	34.4843636140425
104.61211106843	35.0595496477386
104.058713131632	35.3426035747885
103.963323310054	35.0310660434417
104.229035329332	35.2137769941141
104.430922474759	35.3833111340159
104.212884466606	34.4374383214075
104.301656772058	35.032711681244
104.428060329746	34.6448135239426
104.179229673105	34.5296051974799
104.373358399091	34.9220516325736
103.993937540241	34.513265035945
104.227203835002	35.5078270218355
103.835994514711	35.5238138916819
104.316290972596	35.2930531516559
104.103296901846	35.4964494085327
104.334482319627	34.8293234104889
104.178135863387	34.593723620235
104.108865632661	35.3338625785013
104.295080903413	35.0566214877575
104.199166929778	35.0977441293159
104.327361469525	34.9670092211896
104.259859315872	35.1172377232029
104.290142419173	34.4307653815697
104.259865777997	34.7220515629444
104.146317298201	34.5269365076985
104.089138400909	34.5858516219111
103.562499162602	34.7398874963044
104.574488673602	35.1324219117876
104.102403459382	35.5150545945947
104.125906981937	35.389165650189
104.184435681014	35.518819360605
103.540231207614	34.7191500591384
103.796387891416	35.5076176909974
103.906103010872	34.7626402575863
104.478256316156	35.0895557678595
104.382177210146	34.8966072317559
104.42897365719	34.5823260411078
103.46003023955	34.9569186916
103.957075351613	34.9966699920969
103.561130746724	35.3769788950544
103.569169088722	35.1143082343033
103.849208123958	34.7794531520986
104.190553739732	34.4163694510868
104.435100427747	34.7039707677432
104.38502684079	34.6070786968069
104.498967362588	35.280837449045
104.486499264832	35.1036687490442
104.437988314728	34.5669204825109
103.977171724523	34.3882998960127
104.426158896181	35.0128414817793
104.57251752397	35.0254387178753
104.614413358837	35.0547039211218
104.074305622347	35.1765849486076
104.580658168541	35.0766471167948
104.112304120578	35.1715073237637
104.190646506006	35.2533471652866
103.808859257819	35.3762689977877
103.739391872896	34.9431079633131
103.792239114206	35.3715445869439
104.195340533025	34.8571616962942
104.343891691827	34.8895901348814
104.026790322018	34.5740064524227
104.415422570111	35.4483433265703
104.2504086354	35.4974065555164
104.011804136527	34.858840745794
103.867718990356	34.7609336965192
104.12073901588	35.2010999736825
104.195524267454	35.2046736956649
104.202016974441	35.2509348123186
104.01120615609	34.7116643404625
103.53721356466	34.6436587093657
104.502342908265	35.0604665115389
103.940216309315	35.4426510840367
103.968489448131	34.5028542224697
104.512140940214	35.2723464182439
104.582622453589	35.1515891424254
103.879176417422	35.415586236628
104.204504537655	35.2037061032443
104.448723026136	35.3320492844364
104.577577362292	35.0334078091249
103.799227021636	34.4907772293801
104.216085515969	34.4539388334883
104.386759402637	35.1969791575341
103.984753211943	34.5405190803078
104.51060196527	35.0301149531954
104.158628298245	34.5225683808758
104.074780294057	34.7350519751691
103.422777252128	34.941251483327
103.44089194047	35.1084869839705
103.878986599521	34.4688997617905
104.510607509492	34.9223475138419
104.217213632226	35.1023423990213
103.543903230432	35.100523842657
103.486098859202	34.8139788082484
103.773574712425	34.5327791039045
104.177307714102	34.4846759745319
104.045365175986	34.5183186003954
104.413481198024	35.2473595798048
104.360477340958	35.1365014135799
104.207064442275	35.4978066391114
104.329797590132	34.9947251573383
104.019124816401	35.2992928199174
103.8794786886	35.0171022383473
104.226120961753	35.0961508178345
104.143622160198	35.3188007311087
104.086148942897	35.5802498875811
104.16435824169	35.188124730229
103.770323994641	35.1618159123294
104.147578895782	35.408110302567
104.277690342168	35.2796116803364
104.108423355051	34.9295075874009
103.713054541343	35.1872517650663
104.47179182342	35.0208585876837
104.360726285461	35.2788340690358
104.117165151639	35.3013612837824
104.085670264496	35.3822393269345
103.865806362555	35.5206515302252
104.367278287201	34.5382850860942
104.179621210105	34.4174027646127
104.357714836876	34.8748928534258
104.455591492476	35.4056009742304
104.218228856264	34.4507573482746
104.445066227128	35.0801503491668
104.126792413234	35.2876045144522
104.0051729579	34.4998713484405
104.545480495108	35.1976355200388
104.491967976406	35.1944617921849
104.217652158563	34.4794503744315
103.444527370662	34.9972434719326
104.16044524801	35.4896886620265
104.152736121883	35.3899930836898
104.448670824545	35.0448773066895
103.736208302548	35.2300478116232
103.88882158816	34.9410104661477
103.796314924363	35.2821541839565
104.502638976962	35.2669296381418
104.005422893495	34.4812998005118
104.322154166276	35.0688037357235
104.098021888609	35.2044011660993
103.465693068165	34.9400159107505
104.317078861134	34.7466692868428
104.313067235606	34.8956088382923
104.039117280065	34.3772937821948
103.431540225926	35.1192067520214
104.360658155305	34.7739829185923
103.595404079381	35.0436550726742
103.761195879855	35.4912514351682
103.993148968391	35.5595152449014
104.05930352094	35.0078979958956
103.862212182478	35.4545677092622
104.41353717158	35.2554060734087
103.961873534089	34.9668605557761
103.939445925786	34.468128729792
103.630413541712	34.743453522783
103.848295694159	35.2800018223255
103.502057496438	34.7957812932159
104.161275930052	35.3478758486982
104.238165380574	35.0886565803615
103.520439201013	35.0098889513615
104.23526350084	35.451828844659
103.484239723206	34.8312791702054
103.888749210773	34.8147278804809
104.053689270781	35.5527312622168
104.312818907172	34.9456775710091
104.196056912304	35.1546887003239
103.983697152469	35.2242384222425
103.759456379141	35.4753348654874
104.215027930641	35.3658586123985
104.025118010885	35.0983894628544
104.542099161038	35.2023800544446
104.128161086998	35.2356023893885
104.315861642744	35.0997166431312
104.161803196492	35.2296938958351
104.292444586391	35.4539902814156
104.223802310747	35.5456837787092
104.053991528487	34.499321774544
103.621710815205	34.6179900446755
103.976836825433	35.3267080026951
104.101556243396	35.2753742225477
103.484332885168	34.9988077960891
104.084214288929	34.4772548626076
104.157661921797	35.2931806406864
104.091265527802	35.4964700797557
104.380308044258	34.8464513898564
103.530035123042	35.0727764155791
103.970300718578	34.4681213313292
104.215354517907	34.93696590894
103.438816249119	34.8746718093499
103.682622717032	35.3598846713656
104.007889492585	35.3241644716873
104.304563818372	34.8117135183122
104.001872141803	34.5512821393905
104.475392223357	35.1597815997867
104.22453404052	35.4806098840188
104.381297027298	34.6104552501612
104.357272672758	35.064796584526
104.524768715885	35.1772630928484
104.216793559229	34.4409761890752
104.27535792094	34.4040310857048
104.092920759745	34.6663720573136
104.159936078989	35.2314595055375
104.215608702415	35.2259633040616
104.237137589287	35.1708963534694
104.102251831501	35.1582175801905
104.168812162181	35.2701753210579
103.72595530551	35.403326794802
103.709906562147	34.5731855956221
103.657129697785	35.3877985610085
104.171036428703	34.4619055829938
104.273178936721	35.472105084992
104.112459789232	35.2930790103423
104.220984049022	35.2539011281332
104.29045382182	35.4698601075872
104.36285851367	35.255588447364
103.804218765391	34.5005505021988
103.971782993322	34.4092771387816
103.847344065744	35.5233927958758
103.46772007406	34.7615430307234
103.676121133151	34.6268159699261
103.939837445155	35.585765062205
104.531204599443	35.006761352445
103.775099259811	34.8999308460676
103.598087026333	34.7568251079363
104.136206777691	35.4109056528533
103.964070413275	35.2500923832327
103.934801411414	35.3488295602309
104.156601470043	35.3062832493001
103.991223700164	35.5850698146568
103.736573467148	35.4039380192637
103.963519920269	34.4281994448061
104.551688592559	35.1860088297879
104.031254873147	34.7322596576561
104.313602334429	35.0077967318312
103.921924601668	34.4950819693234
103.921834547519	34.4886073683895
103.754361463879	34.6748548566692
103.700816125391	35.2115020971868
103.792571017324	35.389344634526
104.58843107782	35.2058952295638
104.230502185633	35.5376263896085
103.57119388088	35.3616871207806
103.999244209697	35.2207796019706
104.227432725228	35.1974002555375
104.525803012675	35.1265118153512
103.767563729826	35.5300940291118
104.17870791139	35.4941212089793
103.779211250733	35.3590820508322
103.511449459019	34.9998836030134
104.266915467891	35.4024319671856
104.061993219249	35.2263107855526
104.294230352555	35.0406469118014
104.425100631664	35.2011784569326
103.954191168672	35.5415429622025
103.43964922707	34.9584371261635
104.229833156146	34.6772952550743
104.483669370109	35.2667242521592
104.409805566073	35.1678409837101
104.132257553346	35.371354565404
104.228845552924	35.3575969255501
104.493189212813	35.2884183924582
104.096460096057	35.2282065772929
103.98720550034	34.5113766681095
104.183017347305	35.1584161617627
104.122349993993	34.8302127318915
104.280877795561	34.4112304960484
103.778330741551	34.7237622089024
103.811684513757	35.4968805689
104.438843895453	34.7818884701042
104.562157798425	35.15217182383
104.303819736442	35.2825566446846
104.569363673766	35.2209218627995
104.175257300956	34.4794432479801
103.49678942278	34.9479792521835
103.725160741061	35.3858218387238
104.026697713683	35.1673909955134
104.02264378729	35.3021395674727
104.257120377636	35.1586733722537
103.928531559217	35.4926558545059
104.476349577118	34.9595177851772
104.339340041363	34.4480854687053
104.167441330932	34.5417883575482
104.21306889875	34.4741664374657
104.024537189136	35.1021154124357
103.868825814919	35.417684065107
104.381504724067	34.8846591876659
103.980802192154	34.9874337835769
104.320816015633	35.3253141062551
104.323969430895	35.0520170974293
104.417299164192	35.0735382660709
104.498321824608	35.1885585616979
104.546333685155	35.269440246864
104.311060620156	34.9770475679398
103.495263690134	34.9737541947187
104.181566191322	35.4978426460231
103.503332921773	35.1932219313972
103.967953112471	34.496903401857
104.120468411968	34.8069078944319
104.415085440657	34.8521335277273
104.217217500915	35.4718902532415
104.077062451388	35.2620591734975
103.456605599269	34.8313647695861
104.331438909176	35.0528997560615
103.788895814025	35.2222168766408
104.541334533248	35.1852421365877
104.46940531378	35.2300031304096
103.983008152951	34.5522598739388
103.938796830819	34.4957125057721
104.238316934605	35.09757082829
103.941354274828	34.8204594626837
104.097957398387	35.2567535141311
103.870706688542	35.5082796773938
104.189804921662	35.2681744957243
104.462131069535	35.2527067863936
104.218050811743	35.3848139650597
103.713705262647	35.1654009417902
104.124139571427	35.3611407985446
104.353024455671	34.8046060231329
103.763172750844	34.7208954939788
104.456101128492	35.0785362685314
104.125817932669	34.4126433242044
104.048809099593	34.6896514169487
104.215079187202	34.8107261391072
104.528773694012	35.2117995854514
104.27668154478	34.7571409584953
104.152569418235	35.5683263490855
104.120764419205	35.2822794002967
103.942322925818	35.5154816407939
104.063562671034	34.8160883681363
103.585268205834	35.0619885418492
103.721781351885	35.3172638069635
104.072325008787	35.4245929546702
104.254797743249	35.101298600084
104.343386100759	34.8858754717034
104.243810131866	35.47745596211
103.991662659344	34.398870827833
104.562177418417	35.1753399924181
103.493794615425	34.7551691574559
103.482714081628	35.1149559748182
103.836307323743	35.4548481455189
104.379690583504	35.4319276383985
104.246250919453	34.4456337136634
103.988109457545	34.716786794497
103.460590089789	34.9347115463116
103.956044551009	34.8593979407189
104.36791034832	34.8231847663196
104.403136844636	35.0624322249563
103.575889483432	35.4327478310024
104.203151490568	35.3446270010473
103.831936696005	34.905173106554
104.552215753367	35.1817808795922
103.971167166046	34.5019485362773
103.493122658721	35.0296570944743
104.575653413945	35.1059549768961
104.504839693605	35.1688348801992
104.192725328908	35.1518787634761
104.336615349311	34.9310325098387
104.293349859796	35.5123957703408
104.46387993985	35.4093471140734
104.599917245678	34.9027785423456
104.383545483141	35.4855036455118
104.031962156094	34.5721053484297
104.180867866243	34.6327318432928
104.254681197799	35.4162611224245
104.097189381412	35.2014038845815
104.330710701937	35.2829417643741
104.40739005938	35.1417019991127
104.126243070899	35.3748620735468
103.849543823934	34.8389764154862
103.539038124576	35.1621471832182
103.970833943684	34.5740149140695
103.499284545732	34.9845805982187
104.17715707622	35.3271763304521
104.478813103577	34.9639519144637
104.368954649352	34.8878551587301
104.239530962285	35.4045542522349
104.383799261975	35.157296010762
104.245366018019	35.0550094577116
104.476319909407	35.0287608726277
103.829411977551	34.9614981266881
104.1811192739	35.1443670974665
104.052438769802	34.9872522391768
104.268534305872	35.5534656172538
104.570429434871	35.1860412952057
104.449392491387	34.7560712697549
103.667463157718	34.5811067942695
103.560124150199	35.0401402342978
104.478619205014	34.578100065951
103.920475660189	34.4158807147778
103.847805845764	35.2732023507432
104.140767716562	35.4063473346189
104.130620965436	34.8769555979892
104.292198637475	35.1346145065136
103.486596706412	34.9049820275601
104.363746630925	35.3921860792649
104.137953297152	34.8915772799114
103.649247801403	35.4105962838387
104.007232003923	34.4028704822084
104.493451639764	35.2237470994214
104.583291118492	35.2025890203503
104.217791043763	34.4529080779391
104.12115766821	34.7996732891445
104.431378043696	35.415806384074
104.533120919793	35.2050279822527
103.448210480056	34.7965395830309
103.474875515351	34.9371851485733
103.817029488601	35.5075951172419
104.324132849849	34.8144436076903
103.779009371779	35.1619030649584
104.105747766854	35.1405919477195
104.337995117981	35.3053102793916
104.45227354217	35.0991335502662
104.056323841266	35.0595609918011
104.060200644546	35.233676675613
104.094236387232	35.041987626236
104.223945277908	35.5169699367602
104.113330336275	35.2698633370488
104.250078278543	35.1458142334184
103.95759999074	35.3276432241672
104.379169778892	35.2421959146868
104.006854065209	35.32959410444
104.312247426313	35.3177617069732
104.269235466815	34.8841831084376
103.778830146103	35.5174580413225
104.328370787997	35.088543910677
104.32499269485	35.0145256645905
104.407582940201	34.574671388967
104.053958196731	34.7291459569089
104.481235767408	35.0846540323991
103.862878336291	34.9155164910686
103.861637349906	35.27053726363
104.268909661721	35.4935894458189
103.98057490401	34.5230854506155
104.163442302489	35.3820258932142
104.131125366759	35.0474432250583
104.531804344415	35.1801125370657
104.258701008974	34.7285042101814
104.009723004106	34.6795993206313
104.197984653114	35.2657945882713
103.977604338404	35.1940622963233
104.299189323212	35.3343215321278
104.404347303718	35.263334630421
104.382582562424	35.2097333628872
103.674207092714	35.073800345559
104.223260827836	35.0747737990913
103.996079911879	35.4802817914492
104.207891773645	35.0943317087276
103.95517866539	35.3612417916271
104.444695337734	35.1233176737994
104.108571322175	34.8556855732765
104.283987732326	35.5094956734962
104.567470973209	35.1682914292586
103.703203736233	35.1483138444244
104.230145389435	35.0376713303816
104.069319707325	35.1703689442657
104.438912154434	35.0783458654769
103.4704014358	35.2446506690733
104.038366266364	35.3170863997095
103.884987924854	35.571829653855
103.49355809188	35.0281243773382
104.09913678611	35.1932177677414
104.270853929264	35.2526048363865
103.479675961078	34.8726798723695
103.549949313468	35.0581934190521
104.539420660333	35.1787688299576
104.174339857815	34.8254568089839
104.337274658523	35.0688314827615
103.555452592602	35.1126726050376
104.2209691506	35.4431142417881
104.328050067343	35.3931716064425
104.171156797866	35.2827224323873
103.960356506625	35.4929208151725
104.485045777996	35.178800226829
104.145403908355	35.4199956583405
104.13745687303	35.3067797543281
104.109487127072	35.2659953179949
104.189293987902	35.5421041931132
104.273790606091	34.7976171221
103.488796103472	35.2546926072501
103.933350848872	34.8804938120631
104.245534931972	35.487832455982
104.131523166392	35.1877954201569
104.197494996488	35.2433255897616
104.359400571418	34.8705944245024
104.533029630853	35.2760073136475
103.583038628709	34.7437485368767
104.581501275043	35.0525988391359
103.644789630602	35.0093159792976
104.525913484	35.2220855843378
104.115280254931	34.4239445820953
104.31501783384	35.0233800188585
104.548691446627	35.0580743496235
104.441445193409	34.553740037239
104.16922583439	34.8218093312766
104.189725001812	35.3769833587902
103.793875981855	34.9299117720082
103.904015014818	34.390266147182
103.864362230385	34.9483993994729
104.304559319551	35.5372019612731
103.819402644266	35.3508472417171
104.048744032432	34.5453473443248
104.331334384914	35.0534511828586
104.264009386002	35.4925524849569
103.903249031194	35.34636079505
104.245978601856	35.2408806131141
103.475374123963	34.9114954317554
103.761805094135	35.5766500504581
104.041123839791	34.7274644805676
103.523622476107	35.0245371889368
104.370718482715	35.2505871892752
103.839094130262	35.5432174457952
104.382543122544	35.0078864166646
104.489707611927	35.0337377940227
104.543703846705	35.1333466579225
104.102096588284	35.4660282558879
104.123726784813	35.0693008803215
103.932633804192	35.2912434070521
103.785814809422	35.2700543933562
103.744150697781	34.7055367553008
104.176033351464	35.1242879607886
104.146173657281	35.3577198692143
103.910075126462	34.7564243328005
104.303521932004	35.3939252189615
103.942271979406	34.4869596261752
104.347268881836	34.8876230511127
103.531045859396	35.0322148074942
103.531849310903	34.7389792064725
103.75798993677	35.5904790491557
103.790895286669	35.5378757282057
104.265463682643	35.0703142968809
103.443913942145	34.8113183976937
104.043615892515	34.4777806339766
104.200186021486	35.4538714261706
104.421297068227	35.3845997164412
104.168366165956	35.318662291101
104.033358104321	35.4850223033192
103.442991931344	34.9291732861842
104.487967075605	35.0483855197498
103.868109036217	35.4669831153856
104.534631835904	35.3006270438783
104.212203316206	34.457931825498
104.251407561137	34.4815400126079
104.515514041541	34.9994480779076
104.191725611464	34.4516923380718
104.463725145295	35.0326719228061
103.577648139086	34.9751273871944
104.354956838538	35.4896465870759
104.149487319925	35.3846427818502
104.206048585572	35.2306610195957
104.257238085487	35.2458919616816
104.013886646106	34.5977896995286
103.677315217361	34.9885602341617
104.129952652373	35.2225172445443
104.409757483243	35.3791800529989
103.75691044443	34.9920590387349
104.526769108559	35.2592698270917
104.20144037961	35.3787354486733
103.576151111727	34.7641278146281
104.397155428407	35.1010080092493
104.030169455451	34.8151941979218
103.672568122858	34.8611518028805
103.970827251178	34.5136816631666
103.55407830392	35.0330381529847
103.99021840207	35.598163596166
103.58402210947	35.0614292794794
104.484609721785	35.0905637255276
103.803807163165	34.8857590218495
104.55146492801	35.0592182447755
104.151622371983	34.7988587455568
104.192546988221	34.4205711157978
103.992249651287	35.2557259005393
104.267352635034	34.488551599289
104.309068451769	35.1039117469426
104.37114863097	34.5115654324799
104.489917364089	35.0396775997487
104.136101907711	35.2782465039095
104.043021638307	35.2977025376497
104.19120319067	35.3691064262
104.337388715618	34.9071173015545
104.163753374624	35.4927620855873
104.481499003227	34.5964073299314
104.27171958715	35.2626198629395
103.593302584713	35.052192569743
104.175174494704	34.4965307748023
104.094074996915	34.7810921877984
104.406935410818	35.0560000476111
103.519944900426	35.0372268922776
104.268736821986	35.5359172282541
104.475353515459	35.1787654615841
104.212765161055	35.2646369047817
104.357925841193	35.1374099504638
103.531685386573	34.7423818919709
103.545331745198	34.742578532875
103.584586251708	34.6239146936124
104.307380075198	34.8196390962836
103.763205610127	35.4012256207761
104.242653235962	34.6777234262186
104.021447196473	34.9860155363025
104.239205722857	34.9646040489676
104.361704300996	34.5590260908504
104.088108317828	35.4868744621115
104.135993573564	34.8058725120996
103.516921301533	35.0062539064407
103.458986692328	34.7550401752163
104.592302723186	35.0298238786466
104.507245767408	35.0166412965357
104.176732896545	35.1122306912799
104.20920336265	35.1814204966867
104.032645815037	35.0630858987145
103.564281308032	34.8318958578561
104.03371476184	34.7377419330858
104.273613604283	35.0380341069995
104.087132291042	35.1966388465402
104.138829913823	35.3448987946624
103.946032923059	34.7842421319337
103.759279506501	34.6578613273867
103.924950697625	34.4268084729293
104.492494814129	35.093322064206
104.1838327118	34.8821382703928
104.0149563366	34.9760606947847
104.030564533833	35.0803532596526
104.075242416053	34.6048996078719
104.366759272799	34.8854073589987
104.50339750165	35.3121698259895
104.199492662142	35.3615615049619
103.914105555043	34.9718293303715
103.791425371523	35.3824896898653
104.360547988122	34.8444953511742
104.262714950049	34.7995384497308
103.759547496415	35.117222768716
103.495205606823	35.0167319648936
104.229479443217	35.3578952858093
103.588517491167	35.0785667518512
103.500322755149	34.7381187330346
104.349394376087	34.823821432223
104.44141437948	35.1978055931767
104.156153027972	35.4893232336807
104.126288748756	34.9736687880035
103.687434432967	35.4724899098985
104.531804667412	35.2807131919231
103.992393063855	35.5146806886878
104.455759343002	35.0303540987033
104.564600198816	35.0754685243775
104.450792732898	35.0841980708642
104.111254829795	35.2065503088995
103.93895913504	34.7466004823126
103.760068400895	35.0736685584133
104.391447488931	35.3938153211248
103.77305189647	34.731161482687
103.701016553243	35.5420895483836
104.470718499447	35.4387973585583
103.846502411998	34.5103163502108
103.994391767588	34.5049721847062
104.019926152133	34.5459726990716
103.911902820591	34.4562461537245
104.018948105997	34.6367458055363
104.496881519473	34.5772947787711
104.175920384017	34.4603051280975
103.500161722087	34.7593784996256
104.472158573635	35.3831279828291
104.503359005768	35.0577887478009
103.479672391651	34.9970543859086
104.119424180059	34.7282089682894
103.969421880455	34.4986338790783
104.409365491566	35.1526012293553
104.278202644565	35.0144660809256
104.07997568056	35.2005495476656
104.087225346058	35.5421714106219
104.21876183795	35.0374505302899
104.11571853881	35.1678529282727
104.292522038155	35.0959070309347
104.245345506977	35.4767536681687
104.105180579894	34.7849112903372
104.423571830327	35.3134166643714
103.739299377516	35.0238392913996
104.213953916217	35.4833676269622
103.810151710995	35.5359004539244
103.584833439066	35.0555024897556
103.696623136515	34.9836253750972
104.238986315975	34.9982467969219
104.122539365525	35.3923457281438
104.284065916145	34.8018746367968
103.656583303717	34.7774161164296
104.418889496134	34.6386783763973
104.124415495659	35.3649963715
104.292131340039	35.1015563699348
104.280265464253	35.0484601683634
104.045451610788	35.3711322275475
104.137518808991	35.5053808045868
104.098495101838	35.5345736192513
103.993092033568	35.4888579593259
104.552473718807	35.1573354783099
104.152975150076	35.5320377713142
104.202182238835	35.2198946759776
104.074206763601	35.251255333219
104.160746752108	35.390435431868
103.531965194308	35.181814563869
104.472065886356	35.2497328292649
103.907298999543	35.1011718468749
103.521209956488	35.0336379836847
104.108823189367	34.6898619691539
103.465323756427	35.1995347718871
104.605489017529	35.1229405927772
103.976846158694	34.5558704253355
104.177206499835	34.5047593816752
103.793798332394	34.8736170679635
104.220101505647	35.0885207038169
104.287473722517	35.0812485113309
104.227066714615	35.0892229462178
104.228288238609	35.2490028940157
104.137099289984	35.3827362149388
104.12766021735	35.3396669412046
103.933030897115	35.3232585708653
104.161780196151	35.3597483904995
104.35694665446	35.235724423975
104.172735449867	34.5273793417447
103.423826875714	34.9885111341775
103.507912391795	34.7252082208812
103.666388849538	34.5995977433185
104.380012460278	35.4073392964157
104.566873300614	35.259338340151
103.702700797774	34.5714489936092
103.806117941069	34.5223405272966
104.054609324393	34.6700711270814
104.169120479609	35.3673012614991
104.533792306788	35.2036403729254
104.551649100136	35.2413275555398
103.586897510591	34.5385422123454
104.371265991462	34.9344887165689
104.190022127644	35.2662556603982
104.154884687322	35.4070821001599
104.214991919518	35.2366221297969
104.163064126494	35.2447393487302
104.126219707582	35.395018975987
104.423407371206	35.3309437786942
104.085971444482	35.1542314838437
104.321518523539	34.5755708970066
104.4326146968	35.2161079856666
104.429377250036	35.1706312177725
104.35983828043	34.905640133183
104.088568504064	34.406394110427
104.25004968173	34.4530803447975
103.431156749327	35.0822535183702
104.226043846595	35.2526028259424
103.837147145732	34.832554075107
103.829064783211	35.4191945272289
104.103785917522	35.1979971743813
104.397591652187	34.571318648775
104.241784869677	34.8810892561014
103.981172941407	34.7358675426304
104.284912421992	35.07239552624
104.359289126848	35.0906501768778
104.16193909909	35.3437775165353
104.114403689862	35.3118976810095
103.812417519981	35.3062227602445
104.480437388436	35.1635924273145
104.11083052306	34.8170458977722
104.170348848919	34.8295920089837
103.973021787876	35.3261664229788
104.30967913219	34.9042328423695
104.162485961138	35.525750516881
103.600698517577	34.8114458005514
104.131290312664	35.1304727174743
103.997069924217	34.5995303010259
104.565961230352	34.9072236970279
104.344929172109	34.9841293713054
104.354100264072	34.8978640871214
104.186431654449	35.2230995865437
104.196226022146	35.5542315091395
104.085011631188	35.3911493554787
103.986642394034	35.4844789120216
104.351663855084	34.512913038494
104.172293331491	34.5521740824755
104.330173352095	34.4516066344243
103.61695541626	35.0532101938346
104.178430201484	35.213089131205
104.271953033984	35.3242774846632
104.139924606195	35.2845356844465
104.287982926147	34.4170649424683
103.897470974672	34.8984725689647
103.972033202417	35.2621774422311
104.328385269794	34.992701022306
104.548480989556	35.0296616249147
104.223708138138	35.2849852374437
103.619983096643	35.0613184878297
104.264249857279	35.458998188424
104.152940148719	35.3629525188838
104.269212314005	35.1378195727892
104.164681557916	35.3869019552414
103.58561889426	35.001988887429
104.056919942477	35.1825271491483
104.091396337155	35.3822498070202
104.292851518593	34.7161836640912
104.179873180436	34.5827659172712
103.538254030131	34.7326583360385
103.458872031308	34.8037870416454
104.098615021656	35.3394283258487
104.118189282853	35.3722568442805
103.957094553773	34.5184262354789
104.032854906708	35.4098087805566
103.923119419998	34.9725466011781
104.545013026436	35.1050953700607
103.796690963889	34.7392106480879
103.54360633055	35.2219770982864
103.881756092727	35.5211717495439
103.831681068893	35.4134924080494
104.241331298669	35.4491261651481
104.204339800074	34.4921119291453
103.774329593266	34.6181863320873
104.226078550835	35.396385812857
104.313673007559	34.8872950508086
104.065518656466	34.4049273597955
104.340138340732	34.8970646374369
104.187785851346	35.4191062042081
103.664696025338	35.3197368453178
103.540743022204	34.71220473716
104.355477921576	34.8796908473576
104.428917136582	35.3900859231116
103.635909492384	34.7564475752209
103.443389648375	35.1387010484214
103.472551105428	34.7905964652375
103.503681940117	34.7328447957012
104.123862983135	35.3783780208304
104.247387014126	35.2236213432984
103.559285943828	35.3900561152682
104.270686092158	35.3455844096137
104.180543687269	35.2322789007781
104.453284491376	35.1705769549069
103.567965274636	34.7272336963139
104.513911133974	35.2601601357024
104.254606278968	35.2300244306642
104.0139146927	35.0062626445379
104.014205315879	35.0019431848601
104.493292165808	35.1744226822925
104.014839602052	35.3223207097533
104.210459273956	35.2395445685249
104.35286696244	35.2802380799836
104.529393064465	35.2847298610493
104.280319863866	35.0538573604907
104.564389442172	35.2198468928576
103.425109987627	35.093261727898
104.04303238134	34.5413283771574
104.017958721613	34.6250235725882
104.041325861786	34.5017352957992
104.172838417845	34.4930923834851
104.310702326171	35.5205952573721
104.499291885637	35.0783860999035
104.57569838834	35.200075026869
104.025880388118	34.5554858126237
104.186879096765	34.7735807445701
104.335328994587	34.9893991146888
104.180061626204	35.3321427615851
104.12921907153	35.3299019057962
104.465481587449	35.0584671447971
104.355507370573	35.4157404971788
104.100982292065	35.2517010156894
104.152424670949	35.5209389318102
104.140159340027	35.2965188492534
104.248256828948	34.4369538343869
104.632437989626	34.9646375569143
104.386765511425	34.5974108254498
103.567429995579	35.037791234213
103.972984208992	35.4889712714953
104.231940213075	35.1060819219544
104.094809007573	35.2110967055874
104.456616368916	35.4136146620833
104.092110242591	35.4993599819869
103.990316464761	34.4886017496976
103.98554831707	35.1991841272189
103.610694000297	35.3541326808994
103.933706744185	34.4884961522125
104.208061721042	34.4683884338568
104.115660963849	35.4159056642012
103.535834670399	34.7546242785388
104.358859689022	34.8697385422688
104.362692874176	34.525945729598
104.552784839322	35.2565878504863
103.447534866624	34.8277028183927
103.975270725379	34.7085622988907
103.499628452487	34.9409040676853
104.424816893363	34.8242802809224
104.544825693872	35.2632025170952
104.058932264694	35.380878359646
104.376854225259	35.2284507290424
104.221520641112	35.033622436424
104.281862275224	35.2759206296299
104.357018265922	35.2619226547151
103.530362109644	34.9623296164828
104.285428429167	35.4163509558356
104.14660277425	35.4095514189621
104.140385201411	34.6471003418304
104.500872847118	35.0413934915697
104.138826951776	34.6006985203711
104.103692474233	35.4081855778653
103.558111528194	34.7092303035689
103.83970018813	35.2034640130585
103.534224626442	34.8672614613019
104.185917763278	34.4089841476029
104.113862007552	35.2257354045997
103.873131344212	35.3213843630865
103.550108395159	35.0367913671986
103.608650552088	35.3495000460784
103.488183679238	35.0804206868206
104.019955988548	34.5014421954598
104.547342335476	35.1943015500576
103.951973376977	34.7478170968112
103.545409122402	34.7174592674046
104.552548937352	35.0586421096125
104.452429955614	35.3891158697719
104.012469530689	34.5708392695476
104.057057470385	34.7593309555072
104.226772605415	34.4648837077379
104.5706953146	34.9038968361861
103.92457349834	34.472516275543
104.484908563634	34.685085458044
103.483798198785	34.8175053474543
104.503377942145	35.272351540706
104.201543632549	35.2615269332752
103.469375971117	34.7899601203591
104.490973934507	35.0588207504295
103.721181200599	34.4203883854406
104.337905380355	34.5248299586984
104.536459276554	35.2736524843767
103.673571126749	35.1770923220306
104.39738956053	35.17996140398
103.67985756551	35.0880922301026
104.474794392126	35.3278891445517
104.579661543671	35.2061987455397
104.560590325707	35.2445364692337
104.151019346326	35.4287531226419
104.429870570844	35.0676129044141
104.022783501416	35.2590066128401
104.291966924928	35.3523254354359
104.412544948597	35.1668991619618
104.121870025024	35.1669915303331
104.538565826658	35.0816286091579
104.267387055872	34.7524720634356
104.046943694029	35.5778689792232
104.378790840064	35.3526387178388
103.863728528463	35.472838228403
104.144801644692	35.3068293211135
104.174587541074	35.2876490085886
104.162441670307	34.934194059774
104.265128401143	34.8218234298084
103.48900513049	34.7792052640765
104.617479580276	34.8868481103109
103.52372829474	35.0690736030418
104.14509491342	34.8375894263659
103.515573517787	34.9969590227925
103.493400804821	34.908412414865
104.052504471411	34.4450893485352
104.335714347224	34.8736627977958
104.241495594342	34.9578507322269
103.657406151681	35.4167590617783
104.399998300566	34.8399031618194
104.343845203341	34.8884840749081
104.004285052455	35.1616054986385
103.895806211953	35.3404515103451
104.355190124832	34.5336262200256
103.965323173256	34.3869791595365
104.431035756808	34.7798880480786
104.233159103272	34.8106405694274
104.43623766488	34.9509599567644
103.51329006854	34.6928013672975
104.427182564746	35.4136912750639
104.16327216017	34.78365275383
103.87863161405	34.4803725464924
104.053250170435	34.4552707686262
103.582705136748	35.4176342636333
104.2762711799	35.5375285815687
104.481394743982	35.1899368424977
104.464861547592	35.1709053452194
104.089757161223	35.2553475071738
104.098290211968	35.3454358088005
104.352868188045	35.0183198683595
104.037420718091	35.4457898178002
104.443061105191	35.1522128015162
103.924368747524	34.4693912330692
104.266100917484	35.0966606713096
104.570886485174	35.2354248559134
104.05315251856	34.5534183838971
104.220422439382	35.1046987853504
104.241863512217	35.2651775812399
104.447688992092	35.0925742212149
103.563887972404	35.4146270870134
104.541713527721	35.2015158980493
104.054138879414	34.5278670747802
104.278355993363	34.4168088517683
104.277374409898	34.4104152288065
103.983536626564	34.6432758766452
103.786819199319	34.9073241478657
103.615267833071	34.7789320444535
103.934141798178	34.4491504709551
103.995681255085	34.5139165709069
104.316403382065	34.8095599442734
103.627536121236	34.7767149856918
104.557701507639	35.1334165740579
104.026073704073	34.3852416793672
103.96191389587	34.4107450805421
104.015992763441	34.6907591732686
103.395776972675	34.9512131502965
104.28808267392	35.0071831925568
103.871922580166	34.5061843319946
104.235178797573	35.0198449984242
104.527127195851	35.3132235195314
104.560867331756	35.1398826068108
104.400281211214	35.4487940283584
104.514694929518	35.1842498019889
104.368067479338	34.5619169727578
104.303411938159	35.0951879286302
103.515362723892	35.0233647126043
104.354795882049	34.5551921666977
103.933701089151	34.4885849499886
103.647815709765	35.0247940466383
103.719784962444	35.1013452050699
103.755939116911	35.408190460058
104.273441000484	35.4733612281672
103.49608819267	35.2102049791408
104.090370119772	35.5782892758452
104.160306208564	35.138209126579
104.150162533287	34.5231897493665
104.014148352588	34.6700543289048
104.272328582359	35.529123231247
104.239321226498	35.0315241698919
103.563914213319	34.968103774064
104.268221014929	35.4690122685514
104.204666791568	35.5023150790296
104.025186420114	35.3255502672564
104.266018528376	35.0495835177731
104.222283884969	34.6581427946882
103.557014626753	35.0813468878614
104.384301182453	34.7009242817656
103.541252802935	34.7208479344619
104.353974942236	34.9350197190418
104.473436493049	35.1636415869585
104.17687700082	34.8769393243563
104.337558851421	34.91191323139
104.530087202666	34.6151378471524
104.491908013079	34.9401526400908
104.322327002512	34.6743357173468
104.217251847509	35.5225287020663
103.811270914987	35.5203551263954
103.685301154808	34.7092646922515
104.549907924537	35.1317284044326
104.242078510025	34.6660764531128
103.670275653041	34.7528151624161
104.054904176894	34.448663293679
103.951355967601	34.7645062442978
104.282892112123	34.876311075454
103.52805974819	34.9909172652202
104.265860364917	35.0273924001241
104.2154671301	35.4849243929058
104.1904362675	34.4704898948435
104.461713504519	35.0176164969841
103.485644491238	34.7523896184744
104.166692320908	35.166283512897
103.815709023706	34.8477876261167
104.491836907188	35.0684878165319
104.481544920239	35.1210379142459
103.597595637522	35.3403771090123
103.514720128604	34.7124935829891
103.45335967085	34.9719669819834
104.290965231382	35.0460478983399
104.116392971349	35.3419964302333
104.074050596667	35.1953552290579
104.369660501386	35.5037867788935
104.035222061352	35.5130764390472
104.34992496025	35.5080253262379
104.505341575472	35.3341145411361
104.272549771748	34.6960322548133
103.430807999879	35.0702238103445
104.076905199715	34.5579287189383
104.571531170897	35.178564889586
103.902160167725	34.4781706591349
104.041814035763	35.3405985195704
104.17308010717	35.1730434257069
104.181963087573	34.8297033598793
103.446309287763	34.9517164779949
103.851780005339	34.7214651613213
104.090823856508	35.2198815711692
104.395422631541	34.8229897761371
103.952615122058	34.4588167186628
103.840302660193	34.522418827578
104.335108858472	34.9762630585603
104.053664302188	35.1765155716716
103.792947037456	34.9022637348209
104.455318676233	35.083394443201
104.485439169582	35.0799238718167
104.336619415749	34.7990219214329
103.981047072378	34.951373285761
104.257627630364	34.6243227558264
104.548554986915	35.2046793458065
104.037712393076	35.5537174157064
104.010831184971	34.5006319951364
104.127086434703	35.4219100062762
104.427341004079	35.1766851107206
104.49969553583	35.0722231038829
104.259399341844	34.7753485307979
104.148197853808	34.3844031259952
104.217418342407	34.4642518385635
104.571928070899	35.0609979165096
104.243724969569	34.8047166374066
104.295978077084	34.8967923324681
104.539497671735	35.189651395248
103.627994995759	34.6184535982035
104.322778153955	35.068839302491
104.42211651151	35.396160011638
104.511323732957	35.187057755628
104.191091218759	35.2104734161922
104.400930440842	35.1569215388573
104.453689818303	35.1977524605804
104.243954506527	35.0688057030594
103.555687657493	34.9807366183122
103.992057033247	34.4718052500268
104.551680659011	35.2203087353519
104.545064958705	35.1874075767995
104.560945768372	34.8930002322147
104.107226966651	35.1647166347694
104.198229344899	34.8026670860378
104.37684406357	34.8905053177709
104.494292332314	34.9617651086959
104.538939692312	35.2098138244662
103.912794934382	34.4382285857477
103.613560789611	35.4087083540351
103.994862395985	35.0886319528538
104.193392198447	35.4905034585102
104.193765389108	35.5280923159895
103.578688199487	34.7479491658905
104.205457017248	35.132078230797
104.15716505599	35.2810857537808
103.627560382493	34.8056946727606
103.768719045197	34.8751988553382
104.149923666684	35.4574244544485
104.203720958758	35.3394678738788
103.833931947598	35.5000338530391
104.175238339546	34.6261944106048
104.204250211344	35.5153040458128
103.889032723225	34.9039533251517
104.199299695634	35.501887994222
104.313755328896	35.0957878668976
104.072643054762	35.0445293759918
103.881272411346	34.4951676522405
104.211722792356	35.5082440642319
104.266177771496	35.0686676862837
104.12170217651	35.0536742539441
104.216856537563	35.5043235070553
104.161353652247	35.3694573564165
104.285062375951	35.4473431225615
104.393954116193	34.8938454395002
103.542743459855	34.7479219412697
104.409372294443	35.232622239356
104.367289553989	34.8764569227035
103.771505015317	34.9265574290907
104.25591415011	34.8616248359492
104.370775520404	35.1038667923635
104.278108773943	34.9006928227596
104.245039166743	35.0839893594867
104.195547457475	35.2401859976803
104.131447686265	35.3017120568999
104.112029393568	35.5295939746558
104.139780019023	35.5282506819789
104.300569564474	35.4066770500994
103.719119700506	35.1474538396609
104.100056410579	35.5162277183045
104.303502363017	35.0470887293395
104.547373471093	35.0991133165557
104.362662013866	34.8460831176667
104.22579570352	34.4905636460542
103.456139648379	34.9235981746698
104.066072469247	34.7696679338453
104.48930361229	35.0687231154601
103.924321018404	34.7385151492101
104.310786582964	35.5475950675121
104.252936226901	35.4140808995907
104.322146134044	35.3245633054715
103.874861389157	34.4746462677207
104.342918196029	34.817163236205
104.354044706629	34.950278977854
104.344731378324	34.8301845212114
104.260178300253	35.5058678290224
104.089907263496	35.2508019450968
104.143055362926	35.2710223923024
104.259933357796	34.7919689095825
104.469213998622	35.1469303835474
104.3287995132	34.8026617417243
103.52622744126	34.7180807888596
104.468402152374	35.1106406254604
103.45449585404	34.9821982154015
104.517950215093	35.112766342569
103.610781713177	35.0569625624875
104.22345719957	35.1768083305851
104.436793582304	34.6576461945675
103.782289879957	34.9417319957118
104.191774886638	34.4659378832291
103.606366909252	34.7541446059374
104.263625848314	35.0520081664515
103.994172853551	35.4592216059612
104.35326261211	35.0873218163097
104.38046189052	34.8816120840682
104.50745394651	35.2851718997111
104.482036588668	35.0804352203348
104.085344145497	34.7271074140892
104.37695018301	35.3873645353566
104.17069974619	34.602496613711
103.66006287479	35.3861676883621
104.331112116567	34.930293318983
104.142865399561	35.2794123856708
104.478858424329	35.0660431372515
103.98062202827	34.48085755647
104.274987876019	34.6698462280426
104.502474469158	35.4156419089439
104.60558418239	35.1465787316941
104.025491008274	34.8316948083281
103.750423865688	35.1371627863609
104.502879785922	35.1987579615194
103.64813379709	34.6616933809796
104.11265083848	35.3896276775366
103.842250332586	35.5196463889344
104.325953712237	35.2575867749859
104.478289335922	34.5908170898884
103.969715862829	34.5349740541398
103.978330836088	34.4212945653497
104.308602091786	34.9400990159648
104.598319330032	35.1373829867734
104.5411109582	35.0632725432834
104.447484447692	34.9875273077816
104.483058467256	35.0319611276295
104.509376788353	35.3050237794582
104.121001542303	35.3776279714052
104.308573531326	34.4873007532897
104.240236026118	34.4576422403621
103.888981042855	35.5022670453668
104.441934344192	35.0963233384214
104.129200458655	35.1853592809552
103.446268900001	34.957635524786
103.633850630616	34.7020655318186
104.280862229721	34.7308361302467
103.581429994747	34.7495062001927
104.506469467393	35.1777906963313
104.271317937119	35.4904909478855
104.334568595403	34.9446006713114
104.132075451806	35.4132927871722
103.884700271657	35.481255566272
104.126235600691	35.4995305561845
104.072543863069	34.7331683611953
104.461145552681	35.2160329436665
104.468101258803	35.1007780467326
103.452163497551	35.2123130565924
103.59310757904	34.7535225829002
104.172704924303	34.9466630133161
103.450136446436	34.9674254803119
104.173107998088	35.123889186692
104.151946253778	35.364990498679
103.643659998049	35.1383942064636
104.312578583685	34.4202019821133
104.150740104456	35.3951661398826
104.067233903727	35.1794076717846
103.910471014529	34.5376575747639
103.909698333588	34.8925003094377
104.041241333184	35.2332335763692
104.371695088162	35.1773124129235
104.087764314367	34.9705080243399
104.156152657537	35.4057187417423
104.097346252912	35.185190307508
104.22674069675	35.4684399339247
104.316505380017	35.1288444452116
104.1838747613	35.4523921493938
104.071530192917	35.3680168217578
104.135326169072	35.332972460162
104.067786659512	35.2381236961374
104.23081909898	35.4105582942338
103.846411049114	35.0087096377028
103.73774349798	35.3992011286577
103.56850464537	35.0841054485501
104.185196721164	35.2431339796837
104.231362491816	35.0942724766627
104.14590638489	35.2759088349873
104.36027578772	34.8838851035079
103.57486206507	34.7326492406627
103.474294840759	34.7832948993257
104.555087858202	35.1677545387926
103.554516389338	34.7563686096803
104.575172330328	35.1435162249513
103.487688953696	34.7599079091779
103.862800258194	34.4865768020282
103.846388522858	34.7955099959547
103.969606995474	35.2210477744184
104.134031029252	35.336455035841
103.733898969723	34.6695173261874
103.533168055423	35.3019336771255
103.91474637981	34.8289571746067
104.344741340068	34.8224282187206
104.151006573067	35.3570578876924
104.147291654777	35.146069834839
104.060234991713	35.5071649630978
104.169763648497	34.5066640016599
103.723076293956	34.5740688973003
103.539433793133	34.8905119744167
103.500506621096	35.0373309094123
104.508981370784	35.1897324245918
104.449303338723	35.2274798667361
104.033052430799	35.179960657658
104.298531460797	34.7441541806313
104.205447615763	35.157810172749
104.334139051615	34.549734117463
104.308431490953	35.1251207181252
104.530939027689	35.1861977771557
104.10067317303	35.1806761362109
103.883374676817	35.5037943224459
104.237319913701	35.0641180002735
103.939308076487	35.3216113845032
104.006564266218	35.1866983185453
103.792364771541	35.3993052340062
104.091142101863	35.1823542912987
104.272261408235	34.7607302904668
104.441417416306	35.260971369557
104.245160118813	35.2403639591356
104.481327659427	35.0222550531338
103.464215388969	34.728045329931
103.582526075575	34.7233765167488
104.499251955478	35.1786550503961
104.511751813226	35.0037508444641
104.252965341184	34.4426006305607
104.318988454544	35.0789044670177
103.994170734522	34.5664037180176
103.52760555244	34.9324914754845
104.125974154294	35.040700513235
104.473523222276	35.0880673092971
104.096341853793	35.190823518056
103.97311088548	34.5178881221293
103.775508958618	34.5956942786079
104.335038851813	34.8143367269758
104.299619847955	34.715283990377
103.469145151665	34.7879509820206
104.197365247098	35.4344821394019
103.978839865298	34.7323946022449
104.444054187412	34.9051113013921
103.45969931144	35.1863774771695
104.292491863429	34.8518651128917
103.961022562019	35.5534956201076
104.462732264393	35.1918701021863
104.179740162778	35.1512253544285
104.214201113491	34.9055272659263
104.54649901855	35.0654147017317
103.843166800956	34.751676861234
104.19469223615	34.4895554083285
103.94053542251	34.5269841173014
104.586254854267	35.223361186762
104.521712637966	35.3169697600443
103.686991651969	34.7323789700592
103.575270749514	34.7251011295943
103.912671820097	35.6005254745061
103.783974551948	34.5208278062304
103.510625771866	34.7174414567882
104.290680206444	35.0449996072791
103.779126052609	35.5335844658519
104.096199354317	34.439179334754
104.473987715976	35.2700195378664
104.554647818867	35.1691561134018
104.124695731724	35.3858377345067
104.10381938631	35.0997588515119
104.187083343833	35.2478827672835
103.528194479592	34.6858037293502
103.930229732767	34.4811138040696
104.34081564043	34.596512099966
103.606324748202	35.07525515707
104.352660194367	34.8958549620306
103.870902906424	35.0430772232143
104.085559271452	35.3857144518316
103.835351228816	35.1786644724646
103.885473442487	35.1568025981584
104.084083265086	35.241303299157
103.891301523132	35.4275695084459
104.103128772216	35.38974070771
104.205783059602	35.4632781920097
104.254135999994	34.7219820788216
103.568204978674	35.0800211793785
104.125740407984	34.6945982243368
