0.9777777777777779
0.8777777777777778
0.23076923076923075
0.5307692307692308
0.34188034188034183
0.7008547008547009
0.764102564102564
0.3572649572649573
0.3316239316239316
0.4692307692307692
0.15384615384615385
0.49743589743589745
0.5931623931623932
0.4222222222222222
0.6452991452991452
0.49401709401709404
0.17777777777777778
0.5418803418803418
0.7854700854700855
0.8264957264957266
0.4837606837606838
0.5555555555555555
0.36410256410256414
0.2752136752136752
0.7888888888888889
0.28034188034188035
0.5264957264957265
0.688888888888889
0.8333333333333334
0.764102564102564
0.6017094017094018
0.5666666666666667
0.6863247863247862
0.7444444444444445
0.4564102564102564
0.3162393162393162
0.6444444444444445
0.6444444444444445
0.7777777777777778
0.811111111111111
0.10256410256410257
0.6196581196581197
0.5042735042735043
0.36752136752136755
0.5487179487179487
0.08888888888888889
0.305982905982906
0.8666666666666667
0.34700854700854694
0.841025641025641
0.35384615384615387
0.5051282051282051
0.19145299145299144
0.2333333333333333
0.8555555555555555
0.2888888888888889
0.4222222222222222
0.6752136752136751
0.1111111111111111
0.4683760683760683
0.26837606837606837
0.36410256410256414
0.6555555555555556
0.6461538461538462
0.7188034188034188
0.4205128205128205
0.5820512820512821
0.8555555555555555
0.8777777777777778
0.7136752136752138
0.8555555555555555
0.6051282051282051
0.888888888888889
0.9666666666666667
0.13675213675213674
0.28205128205128205
0.3581196581196581
0.6188034188034187
0.4598290598290598
0.8444444444444444
0.3162393162393162
0.4666666666666666
0.4000000000000001
0.19999999999999998
0.32222222222222224
0.5196581196581196
0.5965811965811966
0.6675213675213675
0.6863247863247862
0.6008547008547008
0.5316239316239316
0.7452991452991453
0.7752136752136752
0.5393162393162393
0.5606837606837606
0.7111111111111111
0.4495726495726496
0.24444444444444444
0.6666666666666666
0.6153846153846154
0.7273504273504273
0.5196581196581197
0.6076923076923078
0.8222222222222223
0.4777777777777778
0.2692307692307692
0.17777777777777778
0.1794871794871795
0.676068376068376
0.5299145299145299
0.5076923076923077
0.5094017094017094
0.38974358974358975
0.6
0.8333333333333334
0.6786324786324786
0.8777777777777778
0.5897435897435898
0.6666666666666666
0.4341880341880342
0.5128205128205128
0.5615384615384617
0.547008547008547
0.6085470085470085
0.4427350427350427
0.3128205128205128
0.26495726495726496
0.6444444444444445
0.43076923076923074
0.7666666666666666
0.7649572649572649
0.5666666666666667
0.49059829059829063
0.5487179487179487
0.47179487179487184
0.19145299145299144
0.35042735042735046
0.5111111111111111
0.28034188034188035
0.6461538461538462
0.4726495726495726
0.15384615384615385
0.0
0.36923076923076925
0.26495726495726496
0.1794871794871795
0.6307692307692309
0.6854700854700854
0.6495726495726496
0.6641025641025641
0.8641025641025641
0.5777777777777778
0.5692307692307693
0.19999999999999998
0.7444444444444445
0.5264957264957265
0.3076923076923077
0.564957264957265
0.2837606837606838
0.0
0.26837606837606837
0.2170940170940171
0.3247863247863248
0.26495726495726496
0.4444444444444444
0.5230769230769231
0.43076923076923074
0.1111111111111111
0.5042735042735043
0.6307692307692307
0.0
0.25641025641025644
0.452991452991453
0.4632478632478632
0.08888888888888889
0.23076923076923075
0.09999999999999999
0.20512820512820515
0.8222222222222223
0.5384615384615384
0.10256410256410257
0.7085470085470086
0.36410256410256414
0.21367521367521367
0.6444444444444445
0.8777777777777778
0.4136752136752137
0.38888888888888884
0.5051282051282051
0.3581196581196581
0.39230769230769225
0.47863247863247865
0.294017094017094
0.2888888888888889
0.19145299145299144
0.44273504273504277
0.2170940170940171
0.2222222222222222
0.3829059829059829
0.3
0.3572649572649573
0.0
0.5752136752136753
0.0
0.4205128205128205
0.26666666666666666
0.13333333333333333
0.6717948717948717
0.5521367521367521
0.2888888888888889
0.10256410256410257
0.2170940170940171
0.48034188034188036
0.3282051282051282
0.35042735042735046
0.6162393162393163
0.13333333333333333
0.21367521367521367
0.44273504273504277
0.34700854700854705
0.0
0.19145299145299144
0.47521367521367525
0.27777777777777773
0.16666666666666666
0.6008547008547008
0.28034188034188035
0.24444444444444444
0.38888888888888884
0.570940170940171
0.9444444444444443
0.5316239316239316
0.2888888888888889
0.5119658119658119
0.6384615384615384
0.7598290598290598
0.7999999999999999
0.7196581196581197
0.7777777777777777
0.6418803418803418
0.6205128205128205
0.4222222222222222
1.0
0.7999999999999999
0.7572649572649572
0.5042735042735043
0.8777777777777778
0.7777777777777777
0.7521367521367521
0.7444444444444445
0.25555555555555554
0.4666666666666666
0.08888888888888889
0.20512820512820515
0.5675213675213676
0.48888888888888893
0.6017094017094018
0.7162393162393164
0.3282051282051282
0.35042735042735046
0.6717948717948717
0.6538461538461539
0.4615384615384615
0.5307692307692308
0.4136752136752137
0.6299145299145299
0.25641025641025644
0.611965811965812
0.19999999999999998
0.23589743589743592
0.8444444444444444
0.7307692307692308
0.3111111111111111
0.28034188034188035
0.6649572649572649
0.3863247863247863
0.7495726495726496
0.7598290598290598
0.26666666666666666
0.6444444444444445
0.38717948717948714
0.6777777777777777
0.26153846153846155
0.3128205128205128
0.37948717948717947
0.5196581196581197
0.6376068376068376
0.5863247863247864
0.5196581196581197
0.4205128205128205
0.888888888888889
0.13333333333333333
0.35042735042735046
0.452991452991453
0.3572649572649573
0.1111111111111111
0.4794871794871794
0.2222222222222222
0.5863247863247864
0.4461538461538462
0.8777777777777778
0.5196581196581197
0.6752136752136751
0.7222222222222222
0.2871794871794872
0.711965811965812
0.23931623931623933
0.6931623931623933
0.9444444444444443
0.5196581196581196
0.8222222222222223
0.4564102564102564
0.48205128205128206
0.4170940170940171
0.7974358974358976
0.6666666666666666
0.5273504273504274
0.7076923076923077
0.8307692307692308
0.8444444444444444
0.0
0.6871794871794873
0.6529914529914529
0.23846153846153847
0.4572649572649572
0.5230769230769231
0.2837606837606838
0.10256410256410257
0.34188034188034183
0.8188034188034189
0.5752136752136752
0.6452991452991453
0.44273504273504277
0.541025641025641
0.16666666666666666
0.19145299145299144
0.5299145299145299
0.3111111111111111
0.35555555555555557
0.7042735042735043
0.5119658119658119
0.3128205128205128
0.8743589743589745
0.4239316239316239
0.0
0.3384615384615384
0.4683760683760683
0.4726495726495726
0.37264957264957266
0.0
0.0
0.7794871794871795
0.23589743589743592
0.3094017094017094
0.5615384615384614
0.33589743589743587
0.1794871794871795
0.3581196581196582
0.5
0.6777777777777777
0.8264957264957266
0.4230769230769231
0.36068376068376073
0.34188034188034183
0.1794871794871795
0.7538461538461538
0.5111111111111111
0.5162393162393162
0.15384615384615385
0.4581196581196581
0.682051282051282
0.4598290598290598
0.8555555555555555
0.3666666666666667
0.31965811965811963
0.6418803418803419
0.6641025641025641
0.3333333333333333
0.7384615384615385
0.7384615384615385
0.35042735042735046
0.2333333333333333
0.39145299145299145
0.3829059829059829
0.8777777777777778
0.2905982905982906
0.36410256410256414
0.26837606837606837
0.26666666666666666
0.505982905982906
0.7444444444444445
0.9111111111111111
0.6376068376068376
0.7752136752136752
0.4683760683760683
0.688888888888889
0.3111111111111111
0.305982905982906
0.45384615384615384
0.38888888888888884
0.7162393162393162
0.4461538461538462
0.6196581196581197
0.6
0.25641025641025644
0.5538461538461539
0.6777777777777777
0.6675213675213675
0.16666666666666666
0.47179487179487184
0.5042735042735043
0.35555555555555557
0.8333333333333334
0.23589743589743592
0.7931623931623931
0.6829059829059828
0.49401709401709404
0.4205128205128205
0.49743589743589745
0.3222222222222222
0.5863247863247864
0.24273504273504276
0.42820512820512824
0.27777777777777773
0.5606837606837606
0.6444444444444444
0.5837606837606838
0.40598290598290593
0.2239316239316239
0.46410256410256406
0.7863247863247863
0.6153846153846154
0.4837606837606838
0.5752136752136753
0.8444444444444444
0.5572649572649572
0.28205128205128205
0.5495726495726495
0.20512820512820515
0.3316239316239316
0.7444444444444445
0.7931623931623931
0.6555555555555556
0.7410256410256411
0.5931623931623932
0.2888888888888889
0.15384615384615385
0.23076923076923075
0.3666666666666667
0.652991452991453
0.31965811965811963
0.08888888888888889
0.452991452991453
0.5230769230769231
0.7999999999999999
0.5264957264957265
0.17777777777777778
0.5931623931623932
0.7905982905982906
0.6666666666666666
0.6188034188034188
0.5376068376068376
0.7777777777777777
0.30256410256410254
0.3333333333333333
0.4598290598290598
0.4239316239316239
0.49743589743589745
0.39487179487179486
0.4222222222222222
0.17777777777777778
0.5572649572649572
0.49059829059829063
0.38974358974358975
0.4239316239316239
0.20512820512820515
0.24444444444444444
0.3316239316239316
0.3863247863247863
0.40598290598290593
0.4564102564102564
0.7042735042735043
0.4222222222222222
0.8555555555555555
0.5299145299145299
0.6752136752136751
0.5008547008547009
0.4384615384615385
0.4222222222222222
0.6222222222222222
0.2333333333333333
0.611965811965812
0.8188034188034189
0.5666666666666668
0.570940170940171
0.5384615384615384
0.8230769230769232
0.6196581196581197
0.0
0.6307692307692309
0.19145299145299144
0.35555555555555557
0.5777777777777778
0.9777777777777779
0.5196581196581197
0.38376068376068373
0.25641025641025644
0.7111111111111111
0.7222222222222222
0.42735042735042733
0.4358974358974359
0.20512820512820515
0.6709401709401709
0.4000000000000001
0.294017094017094
0.08888888888888889
0.6128205128205128
0.6444444444444445
0.6863247863247862
0.7307692307692308
0.7666666666666666
0.6196581196581197
0.7444444444444445
0.5606837606837606
0.0
0.6495726495726496
0.35042735042735046
0.4153846153846154
0.4153846153846154
0.0
0.5042735042735043
0.7299145299145299
0.36410256410256414
0.2222222222222222
0.15555555555555556
0.43076923076923074
0.0
0.39829059829059826
0.10256410256410257
0.45042735042735044
0.5273504273504274
0.3717948717948718
0.7495726495726496
0.4564102564102564
0.1111111111111111
0.4914529914529915
0.411965811965812
0.4683760683760683
0.26153846153846155
0.8333333333333334
0.3222222222222222
0.6752136752136751
0.7564102564102564
0.25555555555555554
0.10256410256410257
0.39829059829059826
0.4726495726495726
0.2948717948717949
0.8162393162393163
0.4692307692307692
0.5752136752136753
0.26495726495726496
0.5726495726495727
0.4666666666666666
0.3282051282051282
0.6
0.7247863247863249
0.6905982905982907
0.8222222222222223
0.7376068376068375
0.4461538461538462
0.31965811965811963
0.37606837606837606
0.2888888888888889
0.6794871794871794
0.19145299145299144
0.5863247863247864
0.8777777777777778
0.5128205128205128
0.2837606837606838
0.6188034188034188
0.5247863247863248
0.23931623931623933
0.1111111111111111
0.48205128205128206
0.24444444444444444
0.6752136752136751
0.43076923076923074
0.5085470085470085
0.23076923076923075
0.6504273504273504
0.35555555555555557
0.0
0.9222222222222222
0.5931623931623932
0.4247863247863248
0.6111111111111112
0.47863247863247865
0.4581196581196581
0.4495726495726496
0.5025641025641026
0.8666666666666667
0.5042735042735043
0.6495726495726496
0.5555555555555555
0.43333333333333335
0.6376068376068376
0.7999999999999999
0.23931623931623933
0.5743589743589744
0.1794871794871795
0.23589743589743592
0.3128205128205128
0.32051282051282054
0.4341880341880342
0.36068376068376073
0.7299145299145299
0.26153846153846155
0.4136752136752137
0.27863247863247864
0.3333333333333333
0.5196581196581197
0.47179487179487173
0.6025641025641026
0.2837606837606838
0.12820512820512822
0.08888888888888889
0.39487179487179486
0.6495726495726496
0.5042735042735043
0.3111111111111111
0.45555555555555555
0.5487179487179487
0.5914529914529915
0.6222222222222222
0.5333333333333333
0.6188034188034188
0.6239316239316239
0.6410256410256411
0.1692307692307692
0.23931623931623933
0.28034188034188035
0.4085470085470086
0.24444444444444446
0.6666666666666666
0.3829059829059829
0.10256410256410257
0.7222222222222222
0.5153846153846153
0.43076923076923074
0.37606837606837606
0.3111111111111111
0.5641025641025641
0.7222222222222222
0.8777777777777778
0.5948717948717949
0.4743589743589744
0.08888888888888889
0.23589743589743592
0.2905982905982906
0.37094017094017095
0.6837606837606837
0.8333333333333334
0.39829059829059826
0.4794871794871794
0.42735042735042733
0.19999999999999998
0.411965811965812
0.4495726495726496
0.34700854700854694
0.6222222222222222
0.5418803418803418
0.735042735042735
0.4854700854700855
0.6196581196581197
0.6632478632478632
0.48888888888888893
0.4085470085470086
0.08888888888888889
0.41111111111111115
0.47179487179487184
0.447008547008547
0.15555555555555556
0.3282051282051282
0.36068376068376073
0.6264957264957264
0.17777777777777778
0.5581196581196582
0.35384615384615387
0.8000000000000002
0.7598290598290598
0.19999999999999998
0.6136752136752137
0.5
0.32051282051282054
0.8008547008547008
0.15555555555555556
0.35555555555555557
0.4666666666666666
0.46410256410256406
0.5683760683760685
0.10256410256410257
0.811111111111111
0.12820512820512822
0.42820512820512824
0.4564102564102564
0.20512820512820515
0.37264957264957266
0.48888888888888893
0.7196581196581197
0.6444444444444445
0.7051282051282052
0.35042735042735046
0.4239316239316239
0.4683760683760683
0.6487179487179487
0.6598290598290598
0.888888888888889
0.22222222222222224
0.7999999999999999
0.47521367521367514
0.4444444444444444
0.3094017094017094
0.7196581196581197
0.5777777777777777
0.411965811965812
0.8418803418803419
0.5282051282051282
0.38888888888888884
0.49743589743589745
0.6222222222222222
0.6188034188034188
0.9666666666666667
0.2837606837606838
0.5803418803418804
0.5316239316239316
0.36410256410256414
0.6410256410256411
0.6786324786324788
0.8888888888888888
0.7555555555555555
0.4136752136752137
0.6777777777777777
0.39145299145299145
0.7777777777777778
0.4461538461538462
0.5051282051282051
0.5606837606837607
0.6444444444444445
0.5333333333333333
0.4188034188034188
0.8555555555555555
0.5521367521367521
0.6333333333333333
0.5452991452991452
0.31965811965811963
0.49059829059829063
0.3666666666666667
0.9666666666666667
0.5931623931623932
0.9410256410256411
0.6307692307692307
0.6162393162393163
0.19999999999999998
0.4205128205128205
0.37777777777777777
0.21367521367521367
0.2888888888888889
0.35042735042735046
0.9487179487179488
0.7598290598290598
0.7051282051282052
0.8444444444444444
0.7461538461538462
0.46068376068376066
0.6410256410256411
0.3111111111111111
0.4170940170940171
0.6504273504273504
0.7025641025641026
0.8341880341880342
0.5606837606837608
0.4222222222222222
0.40170940170940167
0.7264957264957266
0.5008547008547009
0.27777777777777773
0.6085470085470085
0.0
0.5418803418803418
0.6111111111111112
0.7871794871794872
0.5333333333333333
0.3162393162393162
0.3111111111111111
0.764102564102564
0.4649572649572649
0.36410256410256414
0.5871794871794872
0.5777777777777778
0.2247863247863248
0.47521367521367514
0.4393162393162393
0.294017094017094
0.42820512820512824
0.39145299145299145
0.36410256410256414
0.5538461538461539
0.0
0.6017094017094017
0.26153846153846155
0.4504273504273504
0.32051282051282054
0.19145299145299144
0.38888888888888884
0.35555555555555557
0.688888888888889
0.652991452991453
0.47179487179487184
0.2871794871794872
0.0
0.39487179487179486
0.37606837606837606
0.40170940170940167
0.49743589743589745
0.7905982905982906
0.3384615384615384
0.4170940170940171
0.7333333333333334
0.5222222222222223
0.5786324786324787
0.08888888888888889
0.6239316239316239
0.4863247863247863
0.23076923076923075
0.19145299145299144
0.4085470085470086
0.5555555555555556
0.7333333333333334
0.452991452991453
0.5111111111111111
0.6085470085470085
0.7000000000000001
0.7444444444444445
0.5555555555555555
0.15555555555555556
0.811111111111111
0.6581196581196581
0.24273504273504276
0.24444444444444444
0.2888888888888889
0.19145299145299144
0.3333333333333333
0.7888888888888889
0.8820512820512821
0.5008547008547009
0.6333333333333333
0.20512820512820515
0.3316239316239316
0.7871794871794872
0.6777777777777777
0.6222222222222222
0.37606837606837606
0.28034188034188035
0.8777777777777778
0.5863247863247864
0.3982905982905984
0.6444444444444445
0.8666666666666667
0.5777777777777778
0.8444444444444444
0.24444444444444444
0.570940170940171
0.7974358974358976
0.39316239316239315
0.6555555555555556
0.15384615384615385
0.3333333333333333
0.5948717948717949
0.6666666666666666
0.5042735042735043
0.6666666666666666
0.6888888888888888
0.6777777777777777
0.4136752136752137
0.30256410256410254
0.3247863247863248
0.5760683760683761
0.36153846153846153
0.4188034188034188
0.6042735042735043
0.32051282051282054
0.31965811965811963
0.8000000000000002
0.6564102564102564
0.26666666666666666
0.7205128205128205
0.6162393162393163
0.30256410256410254
0.8666666666666667
0.044444444444444446
0.4239316239316239
0.31367521367521367
0.47863247863247865
0.9666666666666667
0.23931623931623933
0.38376068376068373
0.47863247863247865
0.16666666666666666
0.5837606837606838
0.25811965811965815
0.5025641025641026
0.23589743589743592
0.36410256410256414
0.4863247863247863
0.7188034188034189
0.8333333333333334
0.1111111111111111
0.6410256410256411
0.547008547008547
0.49743589743589745
0.21367521367521367
0.5905982905982906
0.6692307692307692
0.34529914529914535
0.3
0.35555555555555557
0.6666666666666666
0.6
0.44700854700854703
0.8444444444444444
0.8333333333333334
0.7888888888888889
0.5418803418803418
0.40170940170940167
0.9555555555555556
0.5418803418803418
0.7777777777777777
0.811111111111111
0.49059829059829063
0.2170940170940171
0.44273504273504277
0.33589743589743587
0.23076923076923075
0.4239316239316239
0.3333333333333333
0.26666666666666666
0.5777777777777778
0.7820512820512819
0.7777777777777777
0.4581196581196581
0.49743589743589745
0.8641025641025641
0.6
0.5965811965811966
0.5487179487179487
0.6871794871794871
0.7000000000000001
0.6965811965811967
0.4632478632478632
0.15384615384615385
0.49059829059829063
0.26153846153846155
0.0
0.1794871794871795
0.4905982905982906
0.34529914529914535
0.23589743589743592
0.38974358974358975
0.4666666666666666
0.570940170940171
0.36153846153846153
0.7555555555555555
0.31367521367521367
0.6709401709401709
0.4905982905982906
0.36923076923076925
0.6683760683760683
0.5418803418803418
0.8777777777777778
0.15384615384615385
0.36410256410256414
0.5572649572649572
0.044444444444444446
0.0
0.5264957264957265
0.4239316239316239
0.35042735042735046
0.3111111111111111
0.2222222222222222
0.4615384615384615
0.15555555555555556
0.7384615384615385
0.7452991452991453
0.6264957264957265
0.6
0.294017094017094
0.7675213675213675
0.3333333333333333
0.4170940170940171
0.37777777777777777
0.6
0.682051282051282
0.5333333333333333
0.7888888888888889
0.582905982905983
0.4222222222222222
0.13333333333333333
0.35384615384615387
0.4205128205128205
0.1111111111111111
0.6085470085470086
0.6008547008547008
0.6418803418803419
0.5094017094017094
0.8333333333333334
0.7444444444444445
0.13333333333333333
0.3384615384615384
0.6376068376068376
0.5632478632478634
0.4136752136752137
0.5222222222222223
0.12820512820512822
0.0
0.2871794871794872
0.4837606837606838
0.32222222222222224
0.5606837606837607
0.5222222222222223
0.39658119658119656
0.8076923076923078
0.36410256410256414
0.6538461538461539
0.39658119658119656
0.6085470085470085
0.6153846153846154
0.13333333333333333
0.39829059829059826
0.8444444444444444
0.22051282051282053
0.6709401709401709
0.5196581196581197
0.4358974358974359
0.7444444444444445
0.19999999999999998
0.8666666666666667
0.6094017094017095
0.6965811965811967
0.7341880341880342
0.4444444444444445
0.49059829059829063
0.6444444444444445
0.4222222222222222
0.15555555555555556
0.36410256410256414
0.5871794871794872
0.34188034188034183
0.34700854700854694
0.08888888888888889
0.2948717948717949
0.5641025641025641
0.5128205128205128
0.5777777777777778
0.6153846153846154
0.6
0.9222222222222222
0.21367521367521367
0.5222222222222223
0.9188034188034188
0.13333333333333333
0.5564102564102563
0.13333333333333333
0.3863247863247863
0.13333333333333333
0.294017094017094
0.564102564102564
0.08888888888888889
0.3974358974358974
0.25641025641025644
0.294017094017094
0.6333333333333333
0.5042735042735043
0.3863247863247863
0.31965811965811963
0.564957264957265
0.6777777777777777
0.39658119658119656
0.4376068376068376
0.0
0.5008547008547009
0.3247863247863248
0.4444444444444445
0.47521367521367514
0.2888888888888889
0.5196581196581197
0.37948717948717947
0.4170940170940171
0.23931623931623933
0.31965811965811963
0.7444444444444445
0.8777777777777778
0.3333333333333333
0.2837606837606838
0.5307692307692308
0.23589743589743592
0.5871794871794872
0.7307692307692308
0.6632478632478632
0.4777777777777778
0.6666666666666666
0.6495726495726496
0.8230769230769232
0.40256410256410263
0.10256410256410257
0.7196581196581197
0.4085470085470086
0.294017094017094
0.3333333333333333
0.39829059829059826
0.3247863247863248
0.6495726495726496
0.5358974358974359
0.5982905982905983
0.26495726495726496
0.23931623931623933
0.45384615384615384
0.2111111111111111
0.30256410256410254
0.4000000000000001
0.7076923076923077
0.5675213675213675
0.5222222222222223
0.08888888888888889
0.7598290598290598
0.0
0.5965811965811966
0.08888888888888889
0.08888888888888889
0.19999999999999998
0.2170940170940171
0.28034188034188035
0.517094017094017
0.8418803418803419
0.3094017094017094
0.3606837606837607
0.13333333333333333
0.34700854700854694
0.2803418803418803
0.3128205128205128
0.16666666666666666
0.6452991452991453
0.4051282051282052
0.3094017094017094
0.3444444444444444
0.5247863247863248
0.8196581196581197
0.9333333333333332
0.5111111111111111
0.23076923076923075
0.41282051282051285
0.08888888888888889
0.4393162393162393
0.5427350427350427
0.26837606837606837
0.12820512820512822
0.24444444444444444
0.3247863247863248
0.08888888888888889
0.0
0.1794871794871795
0.34188034188034183
0.4914529914529915
0.1794871794871795
0.705982905982906
0.35384615384615387
0.4222222222222222
0.6017094017094017
0.5230769230769231
0.4393162393162393
0.46068376068376066
0.5222222222222223
0.3282051282051282
0.4136752136752137
0.3461538461538461
0.0
0.5871794871794872
0.0
0.4743589743589744
0.4188034188034188
0.25811965811965815
0.5162393162393163
0.852991452991453
0.39829059829059826
0.36923076923076925
0.9111111111111111
0.39658119658119656
0.0
0.5162393162393163
0.24273504273504276
0.3829059829059829
0.4222222222222222
0.4136752136752137
0.7555555555555555
0.9222222222222222
0.7239316239316239
0.6666666666666666
0.8188034188034189
0.3863247863247863
0.36752136752136755
0.1692307692307692
0.6666666666666666
0.8418803418803419
0.6264957264957265
0.4461538461538462
0.7025641025641026
0.28205128205128205
0.42735042735042733
0.5487179487179487
0.2222222222222222
0.4444444444444444
0.5264957264957265
0.3333333333333333
0.4692307692307693
0.4341880341880342
0.3829059829059829
0.25811965811965815
0.2837606837606838
0.5555555555555555
0.5675213675213676
0.4777777777777778
0.5299145299145299
0.0
0.5247863247863248
0.5230769230769231
0.5205128205128206
0.26666666666666666
0.5777777777777778
0.8487179487179487
0.23589743589743592
0.3333333333333333
0.42735042735042733
0.39145299145299145
0.7999999999999999
0.6572649572649573
0.4777777777777777
0.24273504273504276
0.5905982905982906
0.47863247863247865
0.6085470085470086
0.13333333333333333
0.6239316239316239
0.24444444444444446
0.37777777777777777
0.5042735042735043
0.4341880341880342
0.447008547008547
0.158974358974359
0.4051282051282052
0.8196581196581197
0.35555555555555557
0.6162393162393163
0.7829059829059829
0.4239316239316239
0.39487179487179486
0.26837606837606837
0.782051282051282
0.9222222222222222
0.2222222222222222
0.8000000000000002
0.28205128205128205
0.6495726495726496
0.9333333333333332
0.47179487179487184
0.6641025641025641
0.6717948717948717
0.34700854700854694
0.26153846153846155
0.4760683760683761
0.1794871794871795
0.0
0.0
0.5358974358974359
0.2170940170940171
0.2333333333333333
0.12820512820512822
0.7555555555555555
0.3615384615384616
0.7418803418803419
0.9444444444444443
0.3094017094017094
0.7000000000000001
0.26153846153846155
0.16666666666666666
0.30256410256410254
0.6666666666666666
0.44273504273504277
0.44273504273504277
0.6974358974358975
0.47863247863247865
0.6863247863247864
0.6444444444444445
0.13333333333333333
0.4794871794871794
0.3829059829059829
0.9666666666666667
0.6794871794871794
0.7333333333333334
0.6376068376068376
0.7111111111111111
0.7333333333333334
0.6239316239316239
0.8666666666666667
0.19999999999999998
0.8666666666666667
0.6247863247863248
0.48888888888888893
0.37606837606837606
0.34188034188034183
0.0
0.0
0.0
0.25641025641025644
0.31965811965811963
0.47863247863247865
0.36410256410256414
0.5743589743589744
0.6931623931623933
0.2948717948717949
0.6692307692307692
0.10256410256410257
0.31965811965811963
0.23589743589743592
0.3282051282051282
0.8119658119658121
0.6777777777777777
0.1111111111111111
0.888888888888889
0.4615384615384615
0.6444444444444445
0.7333333333333334
0.17777777777777778
0.5162393162393163
0.48205128205128206
0.8931623931623932
0.811111111111111
0.4564102564102564
0.8188034188034189
0.43076923076923074
0.7564102564102564
0.6666666666666666
0.35042735042735046
0.4777777777777777
0.4051282051282052
0.21367521367521367
0.25811965811965815
0.3666666666666667
0.48034188034188036
0.6940170940170941
0.5384615384615384
0.3076923076923077
0.23076923076923075
0.2222222222222222
0.22222222222222224
0.36068376068376073
0.4948717948717949
0.10256410256410257
0.30256410256410254
0.0
0.19487179487179487
0.8452991452991453
0.8222222222222223
0.6743589743589743
0.8273504273504274
0.6085470085470085
0.25555555555555554
0.6897435897435898
0.8777777777777778
0.4914529914529915
0.6444444444444445
0.4222222222222222
0.1111111111111111
0.9444444444444443
0.4222222222222222
0.8564102564102564
0.4393162393162393
0.6666666666666666
0.5196581196581197
0.9444444444444443
0.31965811965811963
0.7666666666666666
0.4222222222222222
0.37606837606837606
0.6273504273504273
0.6444444444444445
0.6239316239316239
0.611111111111111
0.37777777777777777
0.19145299145299144
0.34700854700854694
0.5196581196581197
0.3247863247863248
0.26153846153846155
0.3247863247863248
0.6196581196581197
0.2905982905982906
0.38974358974358975
0.6555555555555556
0.2692307692307692
0.17777777777777778
0.23589743589743592
0.0
0.5085470085470085
0.13333333333333333
0.5495726495726495
0.26837606837606837
0.19145299145299144
0.7555555555555555
0.26153846153846155
0.594017094017094
0.688888888888889
0.8384615384615385
0.5333333333333333
0.4854700854700855
0.12820512820512822
0.15384615384615385
0.5111111111111111
0.15555555555555556
0.28205128205128205
0.24273504273504276
0.15555555555555556
0.37948717948717947
0.40256410256410263
0.36923076923076925
0.0
0.682051282051282
0.0
0.547008547008547
0.5025641025641026
0.3247863247863248
0.6025641025641026
0.8555555555555555
0.48888888888888893
0.6128205128205129
0.3333333333333333
0.5888888888888889
0.5897435897435898
0.5965811965811967
0.7299145299145299
0.5692307692307693
0.6606837606837607
0.30256410256410254
0.1111111111111111
0.43076923076923074
0.6376068376068377
0.294017094017094
0.6341880341880342
0.7307692307692308
0.9
0.5538461538461538
0.8521367521367522
0.6666666666666666
0.8119658119658121
0.41111111111111115
0.7675213675213675
0.7307692307692308
0.8333333333333334
0.8230769230769232
0.4914529914529915
0.5230769230769231
0.5777777777777778
0.28034188034188035
0.1111111111111111
0.5538461538461539
0.24444444444444444
0.2888888888888889
0.25641025641025644
0.5905982905982906
0.4444444444444444
0.4051282051282052
0.43333333333333335
0.39829059829059826
0.3162393162393162
0.3572649572649573
0.6794871794871794
0.34700854700854694
0.652991452991453
0.5649572649572648
0.36068376068376073
0.641025641025641
0.4794871794871794
0.28205128205128205
0.9111111111111111
0.5820512820512821
0.6042735042735042
0.26495726495726496
0.8333333333333334
0.2170940170940171
0.7384615384615385
0.36068376068376073
0.8042735042735042
0.2111111111111111
0.2025641025641026
0.15555555555555556
0.4282051282051282
0.3076923076923077
0.36068376068376073
0.752991452991453
0.6615384615384615
0.6222222222222222
0.13333333333333333
0.28034188034188035
0.28034188034188035
0.5230769230769231
0.9222222222222222
0.4444444444444444
0.44700854700854703
0.31965811965811963
0.4683760683760683
0.8111111111111112
0.0
0.5162393162393163
0.9777777777777779
0.5752136752136753
0.6222222222222222
0.6666666666666666
0.28034188034188035
0.5452991452991452
0.705982905982906
0.4666666666666666
0.0
0.5777777777777778
0.7384615384615385
0.6444444444444445
0.7239316239316239
0.0
0.2222222222222222
0.541025641025641
0.26837606837606837
0.5675213675213676
0.23589743589743592
0.411965811965812
0.26153846153846155
0.0
0.23589743589743592
0.08888888888888889
0.45384615384615384
0.23931623931623933
0.7897435897435897
0.36752136752136755
0.6982905982905984
0.6752136752136751
0.4170940170940171
0.49743589743589745
0.5111111111111111
0.39829059829059826
0.294017094017094
0.44529914529914527
0.0
0.5606837606837606
0.47863247863247865
0.4358974358974359
0.13333333333333333
0.1794871794871795
0.19999999999999998
0.4153846153846154
0.5641025641025641
0.3247863247863248
0.7418803418803419
0.5239316239316238
0.37777777777777777
0.15384615384615385
0.541025641025641
0.24444444444444444
0.6085470085470086
0.34188034188034183
0.40256410256410263
0.5136752136752136
0.4683760683760683
0.20512820512820515
0.42735042735042733
0.28034188034188035
0.5572649572649572
0.5196581196581196
0.517094017094017
0.3444444444444444
0.43846153846153846
0.10256410256410257
0.19999999999999998
0.49401709401709404
0.5316239316239316
0.3128205128205128
0.3803418803418803
0.6222222222222222
0.7666666666666666
0.49743589743589745
0.4427350427350427
0.36068376068376073
0.42735042735042733
0.23931623931623933
0.6264957264957265
0.5162393162393163
0.5897435897435898
0.12820512820512822
0.5863247863247864
0.2837606837606838
0.7675213675213675
0.7196581196581197
0.36752136752136755
0.24444444444444446
0.6418803418803418
0.5230769230769231
0.5076923076923077
0.8666666666666667
0.5743589743589744
0.5897435897435898
0.25811965811965815
0.7666666666666666
0.13333333333333333
0.3162393162393162
0.39145299145299145
0.4384615384615385
0.6931623931623933
0.7076923076923078
0.3666666666666667
0.3316239316239316
0.8777777777777778
0.4564102564102564
0.6555555555555556
0.25811965811965815
0.7350427350427351
0.17777777777777778
0.0
0.3538461538461539
0.18888888888888888
0.3111111111111111
0.3461538461538461
0.37948717948717947
0.394017094017094
0.4495726495726496
0.5452991452991452
0.411965811965812
0.5162393162393162
0.19999999999999998
0.7230769230769232
0.37777777777777777
0.5888888888888889
0.6564102564102564
0.24444444444444444
0.3572649572649573
0.7461538461538462
0.688888888888889
0.39487179487179486
0.452991452991453
0.505982905982906
0.7777777777777778
0.34700854700854694
0.582905982905983
0.24273504273504276
0.43333333333333335
0.4871794871794872
0.7888888888888889
0.5153846153846153
0.4051282051282052
0.18888888888888888
0.10256410256410257
0.7487179487179487
0.28034188034188035
0.5282051282051282
0.36153846153846153
0.15555555555555556
0.4777777777777777
0.4239316239316239
0.5675213675213676
0.4692307692307692
0.6940170940170941
0.8641025641025641
0.23589743589743592
0.8854700854700855
0.19999999999999998
0.7752136752136751
0.4153846153846154
0.7666666666666666
0.7777777777777778
0.2871794871794872
0.7487179487179487
0.6897435897435896
0.35042735042735046
0.6273504273504273
0.4666666666666666
0.7427350427350428
0.4000000000000001
0.5162393162393163
0.6564102564102564
0.34700854700854694
0.6683760683760683
0.42735042735042733
0.8897435897435898
0.4136752136752137
0.5888888888888889
0.5897435897435898
0.36068376068376073
0.5094017094017094
0.19999999999999998
0.2914529914529915
0.26837606837606837
0.0
0.38974358974358975
0.34188034188034183
0.8085470085470085
0.5076923076923077
0.8521367521367521
0.3222222222222222
0.7307692307692308
0.7888888888888889
0.5666666666666667
0.3991452991452992
0.7444444444444445
0.4982905982905983
0.30256410256410254
0.40170940170940167
0.26153846153846155
0.5897435897435898
0.5743589743589744
0.7752136752136752
0.4982905982905983
0.43846153846153846
0.5162393162393162
0.0
0.6316239316239316
0.1794871794871795
0.48205128205128206
0.5444444444444444
0.37777777777777777
0.12820512820512822
0.32051282051282054
0.18888888888888888
0.570940170940171
0.6965811965811967
0.294017094017094
0.3384615384615384
0.0
0.2871794871794872
0.4615384615384615
0.4247863247863248
0.1111111111111111
0.5247863247863248
0.5529914529914529
0.47521367521367514
0.6495726495726496
0.3316239316239316
0.10256410256410257
0.4136752136752137
0.37094017094017095
0.5683760683760684
0.7999999999999999
0.5042735042735043
0.3128205128205128
0.564102564102564
0.8222222222222223
1.0
0.30085470085470084
0.6264957264957265
0.26153846153846155
0.24444444444444444
0.9444444444444443
0.5222222222222223
0.5393162393162393
0.3393162393162393
0.2111111111111111
0.3128205128205128
0.36068376068376073
0.49059829059829063
0.10256410256410257
0.6444444444444444
0.1794871794871795
0.40170940170940167
0.4692307692307692
0.36153846153846153
0.34188034188034183
0.44102564102564107
0.10256410256410257
0.6307692307692309
0.5965811965811966
0.7333333333333334
0.3111111111111111
0.4461538461538462
0.6777777777777777
0.2333333333333333
0.4282051282051282
0.44102564102564107
0.8042735042735042
0.19145299145299144
0.2170940170940171
0.22222222222222224
0.12820512820512822
0.36410256410256414
0.19145299145299144
0.0
0.3128205128205128
0.5675213675213675
0.7333333333333334
0.3333333333333333
0.5777777777777777
0.888888888888889
0.6085470085470086
0.5837606837606838
0.6538461538461539
0.12478632478632479
0.3111111111111111
0.36410256410256414
0.5982905982905983
0.17264957264957267
0.4205128205128205
0.32051282051282054
0.3316239316239316
0.30256410256410254
0.43333333333333335
0.38717948717948714
0.30256410256410254
0.08888888888888889
0.4726495726495726
0.5888888888888889
0.2888888888888889
0.1794871794871795
0.12820512820512822
0.3461538461538461
0.2871794871794872
0.47863247863247865
0.28034188034188035
0.26495726495726496
0.6273504273504273
0.4649572649572649
0.22222222222222224
0.564957264957265
0.8555555555555555
0.48888888888888893
0.5008547008547009
0.8333333333333334
0.34529914529914535
0.5965811965811967
0.9222222222222222
0.8000000000000002
0.6162393162393163
0.8777777777777778
0.8042735042735042
0.31965811965811963
0.42735042735042733
0.20512820512820515
0.22222222222222224
0.20512820512820515
0.36410256410256414
0.4222222222222222
0.08888888888888889
0.4222222222222222
0.6222222222222222
0.35384615384615387
0.4871794871794872
0.4777777777777778
0.6666666666666666
0.20512820512820515
0.8042735042735042
0.49059829059829063
0.5863247863247864
0.7076923076923077
0.5777777777777778
0.570940170940171
0.8418803418803419
0.44102564102564107
0.6777777777777777
0.10256410256410257
0.5905982905982906
0.5316239316239316
0.08888888888888889
0.49743589743589745
0.4666666666666666
0.37264957264957266
0.4341880341880342
0.4051282051282052
0.6230769230769231
0.6495726495726496
0.4829059829059829
0.36068376068376073
0.411965811965812
0.17777777777777778
0.45555555555555555
0.3247863247863248
0.32222222222222224
0.5384615384615384
0.48205128205128206
0.23589743589743592
0.1111111111111111
0.5162393162393162
0.30256410256410254
0.19145299145299144
0.13333333333333333
0.8111111111111112
0.7025641025641026
0.6
0.752991452991453
0.4222222222222222
0.4504273504273504
0.39487179487179486
0.08888888888888889
0.41111111111111115
0.04786324786324786
0.43076923076923074
0.8777777777777778
0.23589743589743592
0.6273504273504273
0.25641025641025644
0.5666666666666667
0.21367521367521367
0.15384615384615385
0.7333333333333334
0.3
0.4615384615384615
0.23589743589743592
0.08888888888888889
0.25811965811965815
0.0
0.47521367521367514
0.9555555555555556
0.5230769230769231
0.10256410256410257
0.13333333333333333
0.3162393162393162
0.38974358974358975
0.6
0.605982905982906
0.411965811965812
0.5196581196581197
0.37777777777777777
0.4000000000000001
0.25555555555555554
0.47863247863247865
0.5196581196581197
0.5572649572649573
0.4247863247863248
0.7000000000000001
0.3111111111111111
0.5358974358974359
0.5863247863247864
0.7196581196581197
0.5555555555555555
0.4341880341880342
0.4051282051282052
0.8333333333333334
0.4393162393162393
0.6829059829059828
0.7752136752136752
0.7495726495726496
0.43333333333333335
0.7564102564102564
0.4085470085470086
0.6316239316239316
0.25384615384615383
0.6863247863247862
0.5307692307692308
0.9777777777777779
0.5743589743589744
0.5076923076923077
0.5162393162393163
0.5418803418803418
0.4205128205128205
0.5230769230769231
0.45555555555555555
0.4393162393162393
0.7017094017094018
0.2888888888888889
0.6196581196581197
0.6649572649572649
0.6222222222222222
0.4871794871794872
0.13333333333333333
0.7717948717948717
0.5418803418803418
0.8162393162393163
0.42735042735042733
0.16666666666666666
0.35042735042735046
0.6017094017094017
0.2905982905982906
0.37606837606837606
0.1111111111111111
0.5641025641025642
0.8085470085470087
0.6487179487179487
0.21367521367521367
0.5196581196581197
0.7666666666666666
0.688888888888889
0.3615384615384616
0.36410256410256414
0.5085470085470085
0.19145299145299144
0.39658119658119656
0.35042735042735046
0.1111111111111111
0.24444444444444444
0.40256410256410263
0.3666666666666667
0.5965811965811966
0.594017094017094
0.9111111111111111
0.9444444444444443
0.8632478632478633
0.6666666666666666
0.5196581196581196
0.22222222222222224
0.5222222222222223
0.37435897435897436
0.7888888888888889
0.26837606837606837
0.5282051282051282
0.8666666666666667
0.5452991452991452
0.19999999999999998
0.2871794871794872
0.6384615384615384
0.3572649572649573
0.22222222222222224
0.7333333333333334
0.4136752136752137
0.6
0.764102564102564
0.6717948717948717
0.41965811965811967
0.34700854700854694
0.0
0.5897435897435898
0.8000000000000002
0.6606837606837607
0.8333333333333334
0.5042735042735043
0.564957264957265
0.3829059829059829
0.7709401709401709
0.1111111111111111
0.15384615384615385
0.13333333333333333
0.23076923076923075
0.45384615384615384
0.3282051282051282
0.43076923076923074
0.4085470085470086
0.8222222222222223
0.4829059829059829
0.6
0.2871794871794872
0.45384615384615384
0.48888888888888893
0.8222222222222223
0.23076923076923075
0.6666666666666666
0.6273504273504273
0.44273504273504277
0.4598290598290598
0.8666666666666667
0.6666666666666666
0.8641025641025641
0.5726495726495727
0.39999999999999997
0.3282051282051282
0.08888888888888889
0.13333333333333333
0.15384615384615385
0.682051282051282
0.6
0.6162393162393163
0.08888888888888889
0.6709401709401709
0.8777777777777778
0.48888888888888893
0.6188034188034188
0.0
0.39487179487179486
0.42735042735042733
0.5683760683760684
0.3572649572649573
0.605982905982906
0.5521367521367521
0.4615384615384615
0.5777777777777778
0.7222222222222222
0.6555555555555556
0.4427350427350427
0.41282051282051285
0.28034188034188035
0.48888888888888893
0.6444444444444445
0.6495726495726496
0.3572649572649573
0.3829059829059829
0.770940170940171
0.7521367521367521
0.5230769230769231
0.647008547008547
0.6222222222222222
0.17777777777777778
0.26666666666666666
0.2871794871794872
0.3162393162393162
0.2837606837606838
0.2222222222222222
0.44273504273504277
0.8188034188034189
0.7042735042735043
0.6299145299145299
0.6444444444444445
0.45726495726495725
0.2948717948717949
0.12820512820512822
0.3316239316239316
0.22222222222222224
0.5905982905982906
0.6444444444444445
0.20512820512820515
0.35555555555555557
0.26837606837606837
0.24273504273504276
0.3076923076923077
0.5042735042735043
0.7829059829059829
0.3111111111111111
0.5564102564102564
0.2222222222222222
0.34700854700854705
0.13333333333333333
0.4863247863247863
0.6777777777777777
0.782051282051282
0.8444444444444444
0.6863247863247862
0.4495726495726496
0.1794871794871795
0.26666666666666666
0.26153846153846155
0.3
0.31965811965811963
0.5649572649572648
0.4666666666666666
0.5427350427350427
0.38717948717948714
0.24273504273504276
0.30256410256410254
0.15555555555555556
0.49401709401709404
0.5837606837606838
0.4760683760683761
0.35555555555555557
0.1794871794871795
0.6307692307692307
0.2837606837606838
0.2692307692307692
0.2170940170940171
0.0
0.5555555555555555
0.39658119658119656
0.24444444444444444
0.5111111111111111
0.39999999999999997
0.5641025641025641
0.7153846153846154
0.49743589743589745
0.3128205128205128
0.3282051282051282
0.5752136752136753
0.4230769230769231
0.16666666666666666
0.5111111111111111
0.3829059829059829
0.5136752136752136
0.7205128205128206
0.3717948717948718
0.40170940170940167
0.305982905982906
0.5897435897435898
0.5487179487179487
0.31965811965811963
0.6752136752136751
0.8666666666666667
0.43076923076923074
0.5495726495726495
0.5333333333333333
0.5487179487179487
0.7444444444444445
0.6444444444444445
0.19999999999999998
0.08888888888888889
0.6333333333333333
0.08888888888888889
0.688888888888889
0.535042735042735
0.08888888888888889
0.5076923076923077
0.0
0.42820512820512824
0.13333333333333333
0.305982905982906
0.25811965811965815
0.6051282051282052
0.8264957264957266
0.36923076923076925
0.5418803418803418
0.5504273504273504
0.4598290598290598
0.6333333333333333
0.7888888888888889
0.36410256410256414
0.6854700854700856
0.34529914529914535
0.5777777777777778
0.8222222222222223
0.6495726495726496
0.48888888888888893
0.9299145299145298
0.4085470085470086
0.5897435897435898
0.8418803418803419
0.676068376068376
0.8777777777777778
0.0
0.4222222222222222
0.6555555555555556
0.21367521367521367
0.435042735042735
0.15384615384615385
0.4000000000000001
0.23589743589743592
0.39487179487179497
0.2837606837606838
0.49743589743589745
0.37948717948717947
0.4444444444444445
0.535042735042735
0.31965811965811963
0.4051282051282052
0.635042735042735
0.7752136752136752
0.5
0.23076923076923075
0.6427350427350427
0.6162393162393163
0.435042735042735
0.7273504273504274
0.26666666666666666
0.48888888888888893
0.5222222222222223
0.3333333333333333
0.6829059829059828
0.25641025641025644
0.3111111111111111
0.10256410256410257
0.547008547008547
0.4461538461538462
0.6222222222222222
0.5666666666666668
0.6444444444444444
0.5555555555555555
0.7188034188034189
0.39145299145299145
0.5726495726495727
0.0
0.8444444444444444
0.4632478632478632
0.2871794871794872
0.13333333333333333
0.5555555555555555
0.25811965811965815
0.48888888888888893
0.46068376068376066
0.4649572649572649
0.5111111111111111
0.8854700854700855
0.5743589743589744
0.5871794871794872
0.1794871794871795
0.20512820512820515
0.23076923076923075
0.48205128205128206
0.10256410256410257
0.35042735042735046
0.4085470085470086
0.8555555555555555
0.747008547008547
0.6521367521367522
0.36153846153846153
0.7247863247863249
0.4666666666666666
0.43076923076923074
0.6914529914529915
0.6239316239316239
0.4222222222222222
0.6897435897435898
0.7752136752136751
0.7863247863247863
0.9111111111111111
0.8000000000000002
0.7444444444444445
0.39487179487179497
0.5641025641025642
0.5777777777777778
0.3333333333333333
0.564957264957265
0.6
0.5136752136752137
0.9333333333333332
0.5273504273504274
0.7222222222222222
0.8854700854700855
0.6085470085470085
0.38717948717948714
0.08888888888888889
0.4444444444444444
0.44700854700854703
0.4239316239316239
0.2837606837606838
0.6786324786324786
0.2871794871794872
0.20512820512820515
0.15384615384615385
0.37094017094017095
0.17777777777777778
0.7333333333333334
0.6717948717948717
0.3
0.8641025641025641
0.5974358974358974
0.5777777777777778
0.711965811965812
0.1111111111111111
0.15555555555555556
0.411965811965812
0.25555555555555554
0.5025641025641026
0.32222222222222224
0.43076923076923074
0.8333333333333334
0.6666666666666666
0.39487179487179486
0.49059829059829063
0.19145299145299144
0.21367521367521367
0.3803418803418803
0.6051282051282052
0.7341880341880342
0.43333333333333335
0.3829059829059829
0.7418803418803419
0.6427350427350427
0.26837606837606837
0.08888888888888889
0.27777777777777773
0.26666666666666666
0.3282051282051282
0.3111111111111111
0.7666666666666666
0.49743589743589745
0.5333333333333333
0.4282051282051282
0.0
0.3444444444444444
0.4205128205128205
0.752991452991453
0.6666666666666666
0.5042735042735043
0.888888888888889
0.294017094017094
0.13333333333333333
0.36923076923076925
0.5931623931623932
0.6572649572649573
0.37777777777777777
0.3282051282051282
0.0
0.17777777777777778
0.6094017094017095
0.40940170940170945
0.33589743589743587
0.4444444444444444
0.37777777777777777
0.5931623931623932
0.4205128205128205
0.23931623931623933
0.0
0.7717948717948717
0.7863247863247863
0.6649572649572649
0.6649572649572649
0.5333333333333333
0.452991452991453
0.6752136752136751
0.13333333333333333
0.6094017094017095
0.5581196581196582
0.10256410256410257
0.6008547008547008
0.18717948717948718
0.5666666666666667
0.43076923076923074
0.8444444444444444
0.34529914529914535
0.26837606837606837
0.6632478632478632
0.39999999999999997
0.16666666666666666
0.35384615384615387
0.26495726495726496
0.5555555555555555
0.5452991452991452
0.2222222222222222
0.36410256410256414
0.5282051282051282
0.2333333333333333
0.9666666666666667
0.5777777777777778
0.47521367521367514
0.6333333333333333
0.9
0.40170940170940167
0.4615384615384615
0.4871794871794872
0.6222222222222222
0.505982905982906
0.39316239316239315
0.1794871794871795
0.22222222222222224
0.19999999999999998
0.6136752136752137
0.5316239316239316
0.6341880341880342
0.4444444444444445
0.40940170940170945
0.37777777777777777
0.3461538461538461
0.15384615384615385
0.5444444444444444
0.35042735042735046
0.7777777777777778
0.8897435897435898
0.8205128205128206
0.39145299145299145
0.22051282051282053
0.0
0.23931623931623933
0.6376068376068376
0.8111111111111112
0.647008547008547
0.3162393162393162
0.4863247863247863
0.3
0.4222222222222222
0.7666666666666666
0.5897435897435898
0.47863247863247865
0.10256410256410257
0.9111111111111111
0.36752136752136755
0.4153846153846154
0.7230769230769232
0.37094017094017095
0.7555555555555555
0.5196581196581197
0.3333333333333333
0.3111111111111111
0.4153846153846154
0.18803418803418803
0.32222222222222224
0.44273504273504277
0.3094017094017094
0.21367521367521367
0.11111111111111112
0.6666666666666666
0.7555555555555555
0.38376068376068373
0.7085470085470086
0.4247863247863248
0.8777777777777778
0.8444444444444444
0.0
0.7153846153846154
0.4358974358974359
0.5162393162393163
0.23076923076923075
0.26153846153846155
0.3384615384615384
0.5606837606837606
0.34188034188034183
0.2871794871794872
0.3111111111111111
0.37606837606837606
0.39316239316239315
0.6495726495726496
0.8444444444444444
0.3162393162393162
0.9333333333333332
0.6632478632478632
0.4666666666666666
0.48034188034188036
0.794017094017094
0.5273504273504274
0.20512820512820515
0.5461538461538461
0.0
0.4837606837606838
0.7111111111111111
0.7196581196581197
0.37948717948717947
0.37777777777777777
0.6495726495726496
0.0
0.45384615384615384
0.6606837606837607
0.7777777777777778
0.4461538461538462
0.5213675213675213
0.47521367521367514
0.8188034188034189
0.9111111111111111
0.7632478632478633
0.3128205128205128
0.4333333333333333
0.37948717948717947
0.5581196581196582
0.42735042735042733
0.5333333333333333
0.3333333333333333
0.752991452991453
0.7777777777777778
0.44273504273504277
0.6316239316239316
0.28205128205128205
0.2170940170940171
0.6188034188034187
0.3094017094017094
0.34188034188034183
0.5461538461538461
0.5931623931623932
0.6487179487179487
0.2222222222222222
0.48290598290598297
0.6410256410256411
0.32051282051282054
0.4247863247863248
0.23076923076923075
0.6222222222222222
0.26153846153846155
0.7085470085470086
0.3974358974358974
0.22222222222222224
0.6717948717948717
0.7555555555555555
0.6675213675213675
0.6632478632478632
0.452991452991453
0.7427350427350428
0.6111111111111112
0.3333333333333333
0.5264957264957265
0.42735042735042733
0.6829059829059828
0.7999999999999999
0.9
0.5042735042735043
0.15555555555555556
0.4085470085470086
0.34188034188034183
0.5777777777777778
0.5487179487179487
0.13333333333333333
0.1111111111111111
0.31965811965811963
0.7444444444444445
0.47179487179487173
0.6444444444444445
0.37777777777777777
0.5205128205128206
0.22222222222222224
0.2504273504273504
0.688888888888889
0.7743589743589744
0.2948717948717949
0.23076923076923075
0.6333333333333333
0.4239316239316239
0.2871794871794872
0.2692307692307692
0.3333333333333333
0.5752136752136752
0.6606837606837607
0.36410256410256414
0.6504273504273504
0.19999999999999998
0.6196581196581197
0.7111111111111111
0.3829059829059829
0.5666666666666667
0.7153846153846154
0.6888888888888888
0.13333333333333333
0.12820512820512822
0.4461538461538462
0.4666666666666666
0.3094017094017094
0.652991452991453
0.15555555555555556
0.2170940170940171
0.4452991452991453
0.16666666666666666
0.4000000000000001
0.7162393162393164
0.6632478632478632
0.6222222222222222
0.6230769230769231
0.6333333333333333
0.39829059829059826
0.3111111111111111
0.34188034188034183
0.19145299145299144
0.7162393162393164
0.8222222222222223
0.5136752136752136
0.43333333333333335
0.4683760683760683
0.7854700854700855
0.8051282051282053
0.26495726495726496
0.38376068376068373
1.0
0.7829059829059829
0.43846153846153846
0.6282051282051282
0.3162393162393162
0.25641025641025644
0.5025641025641026
0.40940170940170945
0.4777777777777778
0.6914529914529915
0.5111111111111111
0.7153846153846155
0.8153846153846155
0.30256410256410254
0.6598290598290598
0.0
0.4495726495726496
0.2888888888888889
0.305982905982906
0.452991452991453
0.4726495726495726
0.5333333333333333
0.6333333333333333
0.5247863247863248
0.0
0.3384615384615384
0.27777777777777773
0.43333333333333335
0.15555555555555556
0.19999999999999998
0.7752136752136752
0.7153846153846154
0.811111111111111
0.5555555555555555
0.19145299145299144
0.43333333333333335
0.452991452991453
0.8230769230769232
0.43162393162393164
0.4632478632478632
0.7128205128205128
0.49059829059829063
0.6222222222222222
0.3384615384615384
0.6316239316239316
0.34700854700854694
0.2905982905982906
0.6
0.6572649572649573
0.5487179487179487
0.6871794871794871
0.15384615384615385
0.48888888888888893
0.2888888888888889
0.47521367521367514
0.5444444444444444
0.49743589743589745
0.23931623931623933
0.7085470085470086
0.44102564102564107
0.7162393162393164
0.8153846153846155
0.5897435897435898
0.352991452991453
0.305982905982906
0.5529914529914529
0.31965811965811963
0.28034188034188035
0.1692307692307692
0.12820512820512822
0.6418803418803418
0.4136752136752137
0.5905982905982906
0.3094017094017094
0.5521367521367521
0.5794871794871795
0.2888888888888889
0.28034188034188035
0.6307692307692307
0.3128205128205128
0.8000000000000002
0.2222222222222222
0.37606837606837606
0.4837606837606838
0.40170940170940167
0.6128205128205129
0.7717948717948717
0.6085470085470086
0.2871794871794872
0.5282051282051282
0.6717948717948717
0.40170940170940167
0.08888888888888889
0.611111111111111
0.6188034188034187
0.4598290598290598
0.564957264957265
0.6786324786324786
0.5017094017094017
0.49743589743589745
0.5333333333333333
0.5042735042735043
0.5282051282051282
0.5675213675213676
0.6188034188034188
0.5897435897435898
0.3094017094017094
0.5076923076923077
0.25555555555555554
0.3863247863247863
0.5230769230769231
0.19145299145299144
0.5555555555555555
0.5333333333333333
0.5717948717948719
0.5042735042735043
0.5162393162393163
0.4504273504273504
0.6743589743589743
0.8666666666666667
0.5239316239316238
0.4239316239316239
0.7897435897435897
0.25555555555555554
0.5076923076923077
0.36153846153846153
0.15384615384615385
0.4239316239316239
0.8333333333333334
0.23076923076923075
0.6871794871794871
0.7222222222222222
0.7376068376068375
0.3384615384615384
0.411965811965812
0.15555555555555556
0.2837606837606838
0.435042735042735
0.43076923076923074
0.0
0.9444444444444443
0.9222222222222222
0.6666666666666666
0.8555555555555555
0.8008547008547008
0.36068376068376073
0.7752136752136751
0.3333333333333333
0.10256410256410257
0.30256410256410254
0.24444444444444444
0.36068376068376073
0.15384615384615385
0.3222222222222222
0.6162393162393162
0.558119658119658
0.5299145299145299
0.4871794871794872
0.6
0.0
0.3111111111111111
0.47179487179487184
0.7418803418803419
0.9410256410256411
0.31965811965811963
0.47179487179487184
0.2888888888888889
0.6555555555555556
0.48888888888888893
0.8777777777777778
0.24444444444444444
0.7222222222222222
0.547008547008547
0.5606837606837607
0.34700854700854705
0.6666666666666666
0.5128205128205128
0.21367521367521367
0.5794871794871795
0.5641025641025642
0.6743589743589743
0.6341880341880342
0.447008547008547
0.26837606837606837
0.5017094017094017
0.2752136752136752
0.3111111111111111
0.44273504273504277
0.7999999999999999
0.3316239316239316
0.8307692307692308
0.8786324786324786
0.5128205128205128
0.6948717948717947
0.447008547008547
0.6974358974358975
0.40256410256410263
0.8888888888888888
0.7598290598290598
0.30256410256410254
0.4085470085470086
0.2948717948717949
0.26837606837606837
0.3076923076923077
0.35384615384615387
0.6341880341880342
0.5222222222222223
0.28034188034188035
0.335042735042735
0.6299145299145299
0.2717948717948718
0.13333333333333333
0.23076923076923075
0.5452991452991452
0.37264957264957266
0.24444444444444446
0.2871794871794872
0.6452991452991453
0.4461538461538462
0.5358974358974359
0.31965811965811963
0.5
0.9
0.5487179487179487
0.3282051282051282
0.7051282051282052
0.7008547008547009
0.7051282051282052
0.5222222222222223
0.6162393162393163
0.20512820512820515
0.5888888888888889
0.3444444444444444
0.2888888888888889
0.23931623931623933
0.5905982905982906
0.36752136752136755
0.5111111111111111
0.5136752136752136
0.6717948717948717
0.44102564102564107
0.3222222222222222
0.5982905982905983
0.16666666666666666
0.6564102564102564
0.6606837606837607
0.3333333333333333
0.6863247863247862
0.37264957264957266
0.8119658119658119
0.6965811965811967
0.40170940170940167
0.6188034188034187
0.4376068376068376
0.48888888888888893
0.10256410256410257
0.21367521367521367
0.3094017094017094
0.4692307692307692
0.30256410256410254
0.6094017094017095
0.48376068376068376
0.4085470085470086
0.6666666666666666
0.5017094017094017
0.8042735042735042
0.3
0.7188034188034189
0.6196581196581197
0.25811965811965815
0.10256410256410257
0.10256410256410257
0.39829059829059826
0.8333333333333334
0.5572649572649573
0.2222222222222222
0.9777777777777779
0.7632478632478633
0.435042735042735
0.36410256410256414
0.35042735042735046
0.5008547008547009
0.4649572649572649
0.8085470085470085
0.10256410256410257
0.5025641025641026
0.7777777777777777
0.19145299145299144
0.5504273504273505
0.7666666666666666
0.8222222222222223
0.4205128205128205
0.6538461538461539
0.6
0.6111111111111112
0.611965811965812
0.5982905982905983
0.2888888888888889
0.4376068376068376
0.3247863247863248
0.22222222222222224
0.0
0.517094017094017
0.3247863247863248
0.8777777777777778
0.4572649572649572
0.8555555555555555
0.7188034188034188
0.7333333333333334
0.0
0.47179487179487184
0.5888888888888889
0.08888888888888889
0.5264957264957265
0.6777777777777777
0.26837606837606837
0.24444444444444446
0.1111111111111111
0.4743589743589744
0.0
0.40170940170940167
0.5170940170940171
0.2222222222222222
0.7418803418803419
0.40170940170940167
0.4341880341880342
0.3128205128205128
0.15384615384615385
0.4504273504273504
0.32735042735042735
0.0
0.5692307692307693
0.36410256410256414
0.26666666666666666
0.5555555555555555
0.4495726495726496
0.13333333333333333
0.28205128205128205
0.27777777777777773
0.4863247863247863
0.5427350427350427
0.7000000000000001
0.5316239316239316
0.15555555555555556
0.2837606837606838
0.4854700854700855
0.4666666666666666
0.5863247863247864
0.8854700854700855
0.6085470085470086
0.6094017094017095
0.19999999999999998
0.49401709401709404
0.6230769230769231
0.6307692307692307
0.3282051282051282
0.26495726495726496
0.5333333333333333
0.4495726495726496
0.33589743589743587
0.4914529914529915
0.5418803418803418
0.6196581196581197
0.37264957264957266
0.0
0.4341880341880342
0.48888888888888893
0.7299145299145299
0.7999999999999999
0.4444444444444444
0.8153846153846155
0.6222222222222222
0.5196581196581196
0.47521367521367525
0.3162393162393162
0.564102564102564
0.0
0.8153846153846155
0.35384615384615387
0.5025641025641026
0.8418803418803419
0.7931623931623931
0.1111111111111111
0.6649572649572649
0.752991452991453
0.4247863247863248
0.294017094017094
0.9153846153846154
0.20000000000000004
0.24444444444444444
0.5128205128205128
0.26837606837606837
0.4581196581196581
0.476068376068376
0.3666666666666667
0.3094017094017094
0.39658119658119656
0.39487179487179486
0.2222222222222222
0.523931623931624
0.0
0.49743589743589745
0.19999999999999998
0.3222222222222222
0.37777777777777777
0.4666666666666666
0.19145299145299144
0.4358974358974359
0.22222222222222224
0.6752136752136751
0.49743589743589745
0.7333333333333334
0.8666666666666667
0.6982905982905984
0.7564102564102564
0.5974358974358974
0.6051282051282052
0.5273504273504274
0.5111111111111111
0.5854700854700855
0.3111111111111111
0.35042735042735046
0.48034188034188036
0.6683760683760683
0.13333333333333333
0.6452991452991452
0.16666666666666666
0.26153846153846155
0.0
0.37777777777777777
0.39999999999999997
0.6247863247863248
0.4051282051282052
0.5111111111111111
0.19145299145299144
0.8444444444444444
0.9222222222222222
0.7333333333333334
0.5777777777777778
0.43333333333333335
0.4837606837606838
0.3333333333333333
0.305982905982906
0.8666666666666667
0.17777777777777778
0.5572649572649572
0.3974358974358974
0.541025641025641
0.20512820512820515
0.7555555555555555
0.7333333333333334
0.2948717948717949
0.2692307692307692
0.32564102564102565
0.452991452991453
0.2837606837606838
0.3333333333333333
0.7196581196581197
0.6743589743589743
0.5239316239316238
0.15555555555555556
0.13333333333333333
0.7085470085470086
0.34188034188034183
0.4247863247863248
0.2692307692307692
0.2222222222222222
0.2871794871794872
0.28205128205128205
0.5743589743589744
0.7555555555555555
0.5025641025641026
0.4495726495726496
0.9
0.5675213675213676
0.3
0.10256410256410257
0.564102564102564
0.6333333333333333
0.5008547008547009
0.42735042735042733
0.23589743589743592
0.8632478632478633
0.15555555555555556
0.6333333333333333
0.28205128205128205
0.6666666666666666
0.30256410256410254
0.38888888888888884
0.7666666666666666
0.5777777777777778
0.7495726495726496
0.2837606837606838
0.17777777777777778
0.6598290598290598
0.47521367521367514
0.9
0.7888888888888889
0.4495726495726496
0.26666666666666666
0.411965811965812
0.7606837606837606
0.23589743589743592
0.1111111111111111
0.5538461538461538
0.5931623931623932
0.43333333333333335
0.9666666666666667
0.24444444444444444
0.7786324786324786
0.6333333333333333
0.7931623931623931
0.8632478632478633
0.5111111111111111
0.6495726495726496
0.7487179487179487
0.8777777777777778
0.7999999999999999
0.6974358974358975
0.8897435897435898
0.7444444444444445
0.6974358974358973
0.4914529914529915
0.8777777777777778
0.7085470085470086
0.0
0.3444444444444444
0.5794871794871795
0.0
0.7196581196581197
0.13333333333333333
0.5042735042735043
0.2948717948717949
0.3444444444444444
0.2692307692307692
0.5
0.3384615384615384
0.5461538461538461
0.5641025641025641
0.6666666666666666
0.5888888888888889
0.6076923076923078
0.4564102564102564
0.21367521367521367
0.26495726495726496
0.23076923076923075
0.23589743589743592
0.43076923076923074
0.5555555555555555
0.9777777777777779
0.5418803418803418
0.3162393162393162
0.20512820512820515
0.6487179487179487
0.6273504273504273
0.3128205128205128
0.6649572649572649
0.5333333333333333
0.3282051282051282
0.5307692307692308
0.8153846153846155
0.6649572649572649
0.1111111111111111
0.1794871794871795
0.25555555555555554
0.7017094017094018
0.44273504273504277
0.552991452991453
0.3111111111111111
0.40256410256410263
0.39145299145299145
0.7273504273504273
0.6008547008547008
0.7897435897435897
0.8085470085470087
0.9111111111111111
0.8111111111111112
0.36068376068376073
0.7042735042735043
0.4649572649572649
0.20512820512820515
0.3333333333333333
0.0
0.49059829059829063
0.23076923076923075
0.5307692307692308
0.6333333333333333
0.4444444444444444
0.6
0.7452991452991453
0.7717948717948717
0.7777777777777777
0.43333333333333335
0.7777777777777778
0.5162393162393163
0.5316239316239316
0.2871794871794872
0.13333333333333333
0.5008547008547009
0.31965811965811963
0.20512820512820515
0.36068376068376073
0.17777777777777778
0.15555555555555556
0.4358974358974359
0.611965811965812
0.7897435897435899
0.6615384615384615
0.7888888888888889
0.7555555555555555
0.5418803418803418
0.4427350427350427
0.2888888888888889
0.48034188034188036
0.7000000000000001
0.6410256410256411
0.47179487179487184
0.3128205128205128
0.10256410256410257
0.5162393162393163
0.3572649572649573
0.8333333333333334
0.2170940170940171
0.8521367521367522
0.3333333333333333
0.9222222222222222
0.47179487179487173
0.35555555555555557
0.31965811965811963
0.47863247863247865
0.09999999999999999
0.4358974358974359
0.23076923076923075
0.5871794871794872
0.1111111111111111
0.3316239316239316
0.20512820512820515
0.0
0.4495726495726496
0.6384615384615384
0.5632478632478634
0.34700854700854694
0.4948717948717949
0.2222222222222222
0.31367521367521367
0.1794871794871795
0.23589743589743592
0.505982905982906
0.3863247863247863
0.4247863247863248
0.20512820512820515
0.5205128205128206
0.3863247863247863
0.6418803418803418
0.17777777777777778
0.4444444444444444
0.4829059829059829
0.36752136752136755
0.22222222222222224
0.6153846153846154
0.23589743589743592
0.7897435897435899
0.7264957264957265
0.5418803418803418
0.5615384615384617
0.7222222222222222
0.7333333333333334
0.452991452991453
0.3333333333333333
0.8598290598290598
0.38376068376068373
0.7111111111111111
0.0
0.30256410256410254
0.4358974358974359
0.2222222222222222
0.4376068376068376
0.7111111111111111
0.26666666666666666
0.6239316239316238
0.4495726495726496
0.26837606837606837
0.6
0.17777777777777778
0.735897435897436
0.7666666666666666
0.4170940170940171
0.1794871794871795
0.4205128205128205
0.712820512820513
0.5316239316239316
0.44102564102564107
0.4222222222222222
0.36410256410256414
0.6341880341880342
0.4777777777777777
0.5641025641025642
0.7111111111111111
0.5564102564102564
0.5418803418803418
0.652991452991453
0.4205128205128205
0.6444444444444445
0.7111111111111111
0.25555555555555554
0.4136752136752137
0.4222222222222222
0.6418803418803418
0.7341880341880342
0.5418803418803418
0.7555555555555555
0.39487179487179486
0.20512820512820515
0.5333333333333333
0.19999999999999998
0.44102564102564107
0.7717948717948717
0.7051282051282052
0.611111111111111
0.7333333333333334
0.8641025641025641
0.8418803418803419
0.3384615384615384
0.4965811965811966
0.9264957264957264
0.9777777777777779
0.5675213675213676
0.7307692307692308
0.5760683760683761
0.7999999999999999
0.7999999999999999
0.5564102564102563
0.1111111111111111
0.305982905982906
0.5205128205128206
0.9222222222222222
0.682051282051282
0.9
0.9777777777777779
0.6410256410256411
0.25811965811965815
0.26495726495726496
0.5384615384615384
0.26153846153846155
0.23589743589743592
0.582905982905983
0.26666666666666666
0.24957264957264957
0.4444444444444444
0.7632478632478632
0.3162393162393162
0.4222222222222222
0.5128205128205128
0.35384615384615387
0.5418803418803418
0.752991452991453
0.6222222222222222
0.4504273504273504
0.5794871794871795
0.7521367521367521
0.7598290598290598
0.5162393162393163
0.7333333333333334
0.6
0.5598290598290598
0.5111111111111111
0.5487179487179487
0.35042735042735046
0.3247863247863248
0.3316239316239316
0.36068376068376073
0.47521367521367514
0.08888888888888889
0.10256410256410257
0.3333333333333333
0.25641025641025644
0.4393162393162393
0.13333333333333333
0.5974358974358974
0.5085470085470085
0.5521367521367521
0.35555555555555557
0.9444444444444443
0.4205128205128205
0.43333333333333335
0.26666666666666666
0.26495726495726496
0.6487179487179487
0.08888888888888889
0.23589743589743592
0.5341880341880342
0.8333333333333334
0.7794871794871795
0.34188034188034183
0.7931623931623931
0.8777777777777778
0.9666666666666667
0.7999999999999999
0.26666666666666666
0.8777777777777778
0.19999999999999998
0.6452991452991453
0.36923076923076925
0.49401709401709404
0.6777777777777777
0.6085470085470085
0.452991452991453
0.5777777777777778
0.25811965811965815
0.8042735042735042
0.6888888888888888
0.6538461538461539
0.1111111111111111
0.7632478632478633
0.6299145299145299
0.34700854700854694
0.6239316239316239
0.5008547008547009
0.8153846153846155
0.4837606837606838
0.2871794871794872
0.18888888888888888
0.3
0.19145299145299144
0.25555555555555554
0.7085470085470086
0.4666666666666666
0.37606837606837606
0.4205128205128205
0.6418803418803418
0.7487179487179487
0.6641025641025641
0.5094017094017094
0.1794871794871795
0.452991452991453
0.7452991452991453
0.4794871794871795
0.3128205128205128
0.7777777777777777
0.8564102564102565
0.4222222222222222
0.47863247863247865
0.5675213675213675
0.6384615384615385
0.764102564102564
0.6085470085470086
0.7905982905982906
0.4461538461538462
0.3803418803418803
0.19145299145299144
0.4444444444444444
0.5495726495726495
0.1111111111111111
0.7042735042735043
0.4188034188034188
0.5264957264957265
0.2905982905982906
0.26666666666666666
0.6017094017094017
0.42820512820512824
0.7017094017094018
0.6
0.4777777777777778
0.5196581196581197
0.37094017094017095
0.7111111111111111
0.10256410256410257
0.18888888888888888
0.3384615384615384
0.452991452991453
0.20512820512820515
0.5333333333333333
0.6675213675213675
0.35042735042735046
0.2222222222222222
0.4393162393162393
0.5230769230769231
0.5307692307692308
0.19145299145299144
0.0
0.13333333333333333
0.5863247863247864
0.39487179487179486
0.49743589743589745
0.6136752136752137
0.40940170940170945
0.82991452991453
0.34529914529914535
0.5974358974358974
0.5222222222222223
0.5555555555555555
0.37777777777777777
0.4871794871794872
0.6606837606837607
0.7974358974358974
0.37948717948717947
0.3333333333333333
0.36410256410256414
0.48034188034188036
0.37264957264957266
0.40769230769230774
0.24444444444444444
0.19999999999999998
0.32222222222222224
0.23076923076923075
0.3
0.2222222222222222
0.39487179487179486
0.8820512820512821
0.6666666666666666
0.6888888888888888
0.5982905982905983
0.044444444444444446
0.44273504273504277
0.41111111111111115
0.3111111111111111
0.5427350427350427
0.8452991452991453
0.9
0.12478632478632479
0.5555555555555555
0.8076923076923078
0.8222222222222223
0.6307692307692307
0.5247863247863248
0.2905982905982906
0.22222222222222224
0.36752136752136755
0.6444444444444445
0.5230769230769231
0.5384615384615384
0.35384615384615387
0.26666666666666666
0.8777777777777778
0.7666666666666666
0.4153846153846154
0.6897435897435896
0.7008547008547009
0.4153846153846154
0.582905982905983
0.34188034188034183
0.5452991452991452
0.4247863247863248
0.7666666666666666
0.36923076923076925
0.37777777777777777
0.6051282051282052
0.20512820512820515
0.4914529914529915
0.6692307692307692
0.6606837606837607
0.5341880341880342
0.45555555555555555
0.9
0.9487179487179488
0.3863247863247863
0.3666666666666667
0.3333333333333333
0.5871794871794872
0.37264957264957266
0.36410256410256414
0.36495726495726494
0.5965811965811966
0.13333333333333333
0.15384615384615385
0.13333333333333333
0.5205128205128206
0.8222222222222223
0.8196581196581197
0.7008547008547009
0.6230769230769231
0.7111111111111111
0.4632478632478632
0.3333333333333333
0.811111111111111
0.5717948717948719
0.2692307692307692
0.4393162393162393
0.5025641025641026
0.3572649572649573
0.4461538461538462
0.6222222222222222
0.8641025641025641
0.6666666666666666
0.12820512820512822
0.4358974358974359
0.39658119658119656
0.43931623931623937
0.44102564102564107
0.7777777777777778
0.6222222222222222
0.7196581196581197
0.3247863247863248
0.6094017094017093
0.20000000000000004
0.6888888888888888
0.6042735042735043
0.9444444444444443
0.40598290598290593
0.5888888888888889
0.5974358974358974
0.7085470085470086
0.12820512820512822
0.9666666666666667
0.8333333333333334
0.5683760683760682
0.5444444444444444
0.4632478632478632
0.8666666666666667
0.9333333333333332
0.9333333333333332
0.335042735042735
0.8188034188034189
0.27777777777777773
0.676068376068376
0.4666666666666666
0.7042735042735043
0.7008547008547009
0.6632478632478632
0.32051282051282054
0.3333333333333333
0.1111111111111111
0.26666666666666666
0.6452991452991453
0.5615384615384615
0.5299145299145299
0.3384615384615384
0.19145299145299144
0.4581196581196581
0.40170940170940167
0.19999999999999998
0.24273504273504276
0.5871794871794872
0.5666666666666667
0.34188034188034183
0.3316239316239316
0.25811965811965815
0.3111111111111111
0.13333333333333333
0.36923076923076925
0.3282051282051282
0.5529914529914529
0.6974358974358973
0.5948717948717949
0.8188034188034189
0.5247863247863248
0.5282051282051282
0.6418803418803418
0.7999999999999999
0.7666666666666666
0.7999999999999999
0.9111111111111111
0.5230769230769231
0.7752136752136752
0.5632478632478632
0.6333333333333333
0.6307692307692307
0.35384615384615387
0.4222222222222222
0.19145299145299144
0.41111111111111115
0.5247863247863248
0.25811965811965815
0.37264957264957266
0.6444444444444444
0.7222222222222222
0.4564102564102564
0.5196581196581197
0.3384615384615384
0.7196581196581197
0.1111111111111111
0.6085470085470085
0.15384615384615385
0.4615384615384615
0.5418803418803418
0.40256410256410263
0.42820512820512824
0.7452991452991453
0.7196581196581197
0.39145299145299145
0.5487179487179487
0.21367521367521367
0.4495726495726496
0.18888888888888888
0.7333333333333334
0.4461538461538462
0.48888888888888893
0.5162393162393163
0.4683760683760683
0.0
0.8307692307692308
0.6786324786324786
0.6222222222222222
0.5555555555555555
0.5555555555555555
0.5965811965811966
0.6341880341880343
0.2905982905982906
0.5743589743589744
0.9
0.13333333333333333
0.36923076923076925
0.3572649572649573
0.3666666666666667
0.19999999999999998
0.26666666666666666
0.1111111111111111
0.32051282051282054
0.4444444444444444
0.08888888888888889
0.35384615384615387
0.523931623931624
0.4683760683760683
0.6008547008547008
0.3247863247863248
0.15384615384615385
0.47521367521367514
0.15555555555555556
0.37606837606837606
0.2888888888888889
0.10256410256410257
0.08888888888888889
0.6
0.8333333333333334
0.9666666666666667
0.4136752136752137
0.6888888888888888
0.6871794871794873
0.34700854700854694
0.1794871794871795
0.5452991452991452
0.37264957264957266
0.4205128205128205
0.4153846153846154
0.36410256410256414
0.294017094017094
0.5162393162393163
0.82991452991453
0.5632478632478634
0.2170940170940171
0.26666666666666666
0.26495726495726496
0.43846153846153846
0.8777777777777778
0.3666666666666667
0.5572649572649572
0.6333333333333333
0.8777777777777778
0.35384615384615387
0.7777777777777778
0.5008547008547009
0.6965811965811967
0.5632478632478634
0.8042735042735042
0.505982905982906
0.8418803418803419
0.852991452991453
0.3282051282051282
0.15555555555555556
0.547008547008547
0.6051282051282051
0.5777777777777778
0.8008547008547008
0.7931623931623931
0.2692307692307692
0.6307692307692309
0.44957264957264953
0.19999999999999998
0.5418803418803418
0.37777777777777777
0.3128205128205128
0.38376068376068373
0.41111111111111115
0.5752136752136753
0.7854700854700855
0.44102564102564107
0.36410256410256414
0.16666666666666666
0.7666666666666666
0.5376068376068376
0.4205128205128205
0.10256410256410257
0.37094017094017095
0.40256410256410263
0.4692307692307692
0.45555555555555555
0.6666666666666666
0.5384615384615384
0.19145299145299144
0.4247863247863248
0.12820512820512822
0.32051282051282054
0.5316239316239316
0.4247863247863248
0.20512820512820515
0.38376068376068373
0.4153846153846154
0.0
0.6025641025641026
0.43076923076923074
0.4683760683760683
0.8222222222222223
0.19999999999999998
0.34700854700854694
0.6230769230769231
0.3128205128205128
0.27777777777777773
0.6162393162393162
0.4495726495726496
0.5333333333333333
0.5487179487179487
0.647008547008547
0.4427350427350427
0.7085470085470086
0.2888888888888889
0.2888888888888889
0.3094017094017094
0.411965811965812
0.6085470085470086
0.4230769230769231
0.7333333333333334
0.5333333333333333
0.5162393162393163
0.305982905982906
0.10256410256410257
0.39145299145299145
0.35555555555555557
0.5675213675213676
0.5581196581196581
0.5128205128205128
0.13333333333333333
0.23076923076923075
0.42735042735042733
0.48034188034188036
0.39829059829059826
0.3974358974358974
0.39145299145299145
0.5307692307692308
0.4692307692307692
0.4341880341880342
0.5760683760683761
0.7999999999999999
0.7999999999999999
0.9666666666666667
0.4777777777777777
0.3829059829059829
0.7188034188034188
0.8333333333333334
0.4683760683760683
0.6897435897435898
0.5008547008547009
0.28034188034188035
0.6376068376068376
0.611965811965812
0.44700854700854703
0.6786324786324786
0.0
0.12820512820512822
0.48888888888888893
0.6170940170940171
0.43076923076923074
0.505982905982906
0.26495726495726496
0.3162393162393162
0.2948717948717949
0.20512820512820515
0.36923076923076925
0.0
0.2905982905982906
0.12820512820512822
0.49829059829059824
0.4230769230769231
0.45042735042735044
0.23589743589743592
0.39487179487179497
0.6529914529914529
0.7418803418803419
0.5376068376068376
0.36923076923076925
0.6888888888888888
0.6162393162393163
0.39999999999999997
0.19999999999999998
0.39145299145299145
0.3316239316239316
0.517094017094017
0.305982905982906
0.6
0.8777777777777778
0.5837606837606838
0.23076923076923075
0.26495726495726496
0.5341880341880342
0.4777777777777778
0.22564102564102564
0.0
0.2905982905982906
0.4871794871794872
0.8222222222222223
0.2871794871794872
0.8111111111111112
0.22222222222222224
0.6564102564102564
0.40170940170940167
0.0
0.2170940170940171
0.5504273504273504
0.47179487179487184
0.37606837606837606
0.15555555555555556
0.36923076923076925
0.9666666666666667
0.3333333333333333
0.34188034188034183
0.6666666666666666
0.4632478632478632
0.8675213675213675
0.6239316239316239
0.811111111111111
0.7282051282051283
0.42735042735042733
0.48034188034188036
0.870940170940171
0.5452991452991452
0.5196581196581197
0.49401709401709404
0.5564102564102563
0.335042735042735
0.20512820512820515
0.42735042735042733
0.7042735042735043
0.452991452991453
0.49743589743589745
0.4051282051282052
0.7085470085470086
0.3282051282051282
0.5025641025641026
0.2888888888888889
0.8333333333333334
0.8444444444444444
0.5162393162393162
0.8162393162393163
0.82991452991453
0.6495726495726496
0.8341880341880342
0.7418803418803419
0.5914529914529915
0.6410256410256411
0.9777777777777779
0.6444444444444444
0.5393162393162393
0.20512820512820515
0.4222222222222222
0.37606837606837606
0.6059829059829059
0.4341880341880342
0.35384615384615387
0.08888888888888889
0.3444444444444444
0.13333333333333333
0.5452991452991452
0.4222222222222222
0.335042735042735
0.35555555555555557
0.4948717948717949
0.5153846153846153
0.17777777777777778
0.3666666666666667
0.2871794871794872
0.30256410256410254
0.24444444444444444
0.5205128205128206
0.26153846153846155
0.25641025641025644
0.45384615384615384
0.4564102564102564
0.1111111111111111
0.6
0.8555555555555555
0.8598290598290599
0.7666666666666666
0.5136752136752136
0.4871794871794872
0.6649572649572649
0.19999999999999998
0.5777777777777778
0.2888888888888889
0.03333333333333333
0.24273504273504276
0.2170940170940171
0.4136752136752137
0.23589743589743592
0.3666666666666667
0.2888888888888889
0.24444444444444444
0.0
0.0
0.3094017094017094
0.23931623931623933
0.09999999999999999
0.2239316239316239
0.3247863247863248
0.26153846153846155
0.5076923076923077
0.6598290598290598
0.2333333333333333
0.4222222222222222
0.7777777777777777
0.7222222222222222
0.13333333333333333
0.48034188034188036
0.23076923076923075
0.5196581196581197
0.5316239316239316
0.7000000000000001
0.6504273504273504
0.6555555555555556
0.6230769230769231
0.22051282051282053
0.505982905982906
0.5777777777777778
0.4598290598290598
0.6598290598290598
0.9222222222222222
0.26666666666666666
0.8743589743589745
0.2692307692307692
0.39829059829059826
0.5581196581196582
0.5572649572649572
0.5521367521367521
0.15555555555555556
0.39829059829059826
0.23589743589743592
0.36410256410256414
0.24957264957264957
0.0
0.36752136752136755
0.49401709401709404
0.2222222222222222
0.570940170940171
0.30256410256410254
0.47179487179487184
0.4726495726495726
0.26495726495726496
0.10256410256410257
0.647008547008547
0.5538461538461538
0.4760683760683761
0.0
0.5948717948717949
0.25641025641025644
0.3247863247863248
0.7452991452991453
0.7111111111111111
0.3333333333333333
0.2837606837606838
0.4222222222222222
0.24957264957264957
0.3247863247863248
0.6786324786324788
0.5717948717948719
0.16666666666666666
0.5837606837606838
0.3282051282051282
0.752991452991453
0.43076923076923074
0.13333333333333333
0.6632478632478632
0.37948717948717947
0.31965811965811963
0.7777777777777778
0.4136752136752137
0.6196581196581197
0.3128205128205128
0.3247863247863248
0.4649572649572649
0.0
0.12820512820512822
0.5803418803418804
0.30085470085470084
0.4598290598290598
0.26153846153846155
0.5119658119658119
0.7777777777777777
0.4136752136752137
0.8666666666666667
0.7871794871794872
0.21367521367521367
0.0
0.5641025641025641
0.3444444444444444
0.4854700854700855
0.6333333333333333
0.1794871794871795
0.3247863247863248
0.6247863247863248
0.7829059829059829
0.9111111111111111
0.39829059829059826
0.34188034188034183
0.7777777777777777
0.6495726495726496
0.6641025641025641
0.36752136752136755
0.7692307692307692
0.21367521367521367
0.2837606837606838
0.6803418803418803
0.3717948717948718
0.5051282051282051
0.2871794871794872
0.5111111111111111
0.7487179487179487
0.582905982905983
0.4170940170940171
0.7598290598290598
0.5675213675213675
0.5965811965811966
0.26153846153846155
0.9777777777777779
0.7188034188034189
0.15384615384615385
0.42820512820512824
0.2871794871794872
0.6196581196581197
0.6076923076923078
0.9
0.452991452991453
0.0
0.1111111111111111
0.6564102564102564
0.305982905982906
0.5487179487179487
0.2888888888888889
0.5555555555555555
0.19999999999999998
0.547008547008547
0.682051282051282
0.6
0.49401709401709404
0.13333333333333333
0.17777777777777778
0.32222222222222224
0.08888888888888889
0.3282051282051282
0.22222222222222224
0.0
0.19999999999999998
0.4444444444444444
0.4948717948717949
0.5051282051282051
0.5914529914529915
0.16666666666666666
0.36410256410256414
0.3076923076923077
0.26666666666666666
0.20512820512820515
0.6606837606837607
0.19145299145299144
0.2888888888888889
0.34700854700854694
0.4170940170940171
0.39829059829059826
0.4247863247863248
0.505982905982906
0.4854700854700855
0.0
0.15555555555555556
0.3
0.3
0.5076923076923077
0.6606837606837607
0.49059829059829063
0.39145299145299145
0.23931623931623933
0.12820512820512822
0.7333333333333334
0.3461538461538461
0.7008547008547009
0.452991452991453
0.48205128205128206
0.652991452991453
0.48888888888888893
0.7999999999999999
0.6641025641025641
0.25555555555555554
0.4358974358974359
0.0
0.1794871794871795
0.34188034188034183
0.5692307692307693
0.582905982905983
0.44273504273504277
0.6222222222222222
0.5555555555555555
0.3461538461538461
0.40170940170940167
0.23589743589743592
0.5008547008547009
0.5444444444444444
0.6974358974358975
0.10256410256410257
0.6461538461538462
0.5982905982905983
0.4358974358974359
0.5641025641025642
0.31367521367521367
0.5914529914529915
0.5444444444444444
0.26153846153846155
0.3333333333333333
0.36068376068376073
0.8162393162393163
0.452991452991453
0.8000000000000002
0.6376068376068376
0.5162393162393163
0.10256410256410257
0.5341880341880342
0.5111111111111111
0.5863247863247864
0.4905982905982906
0.19999999999999998
0.35384615384615387
0.4085470085470086
0.1111111111111111
0.4794871794871794
0.25641025641025644
0.49401709401709404
0.794017094017094
0.9777777777777779
0.5
0.5051282051282051
0.06666666666666667
0.305982905982906
0.4914529914529915
0.7230769230769231
0.13333333333333333
0.3888888888888889
0.517094017094017
0.5282051282051282
0.4444444444444444
0.6376068376068376
0.4871794871794872
0.38888888888888884
0.44273504273504277
0.6
0.8666666666666667
0.6572649572649573
0.15384615384615385
0.27777777777777773
0.26666666666666666
0.2581196581196581
0.6085470085470086
0.36410256410256414
0.6410256410256411
0.24444444444444444
0.9666666666666667
0.5931623931623932
0.3444444444444444
0.535042735042735
0.40170940170940167
0.21367521367521367
0.5042735042735043
0.30256410256410254
0.2871794871794872
0.34700854700854694
0.5487179487179487
0.5042735042735043
0.13333333333333333
0.3316239316239316
0.24615384615384617
0.452991452991453
0.49401709401709404
0.3128205128205128
0.37094017094017095
0.2222222222222222
0.46068376068376066
0.15555555555555556
0.26666666666666666
0.41282051282051285
0.41111111111111115
0.34188034188034183
0.4051282051282052
0.0
0.6051282051282052
0.7000000000000001
0.7777777777777777
0.5162393162393163
0.6974358974358973
0.6222222222222222
0.42735042735042733
0.3666666666666667
0.3666666666666667
0.20512820512820515
0.1111111111111111
0.30256410256410254
0.37264957264957266
0.10256410256410257
0.3128205128205128
0.5247863247863248
0.36923076923076925
0.42735042735042733
0.3247863247863248
0.5418803418803418
0.7487179487179487
0.6418803418803419
0.26837606837606837
0.0
0.1692307692307692
0.3444444444444444
0.32222222222222224
0.8555555555555555
0.6931623931623933
0.3282051282051282
0.4683760683760683
0.305982905982906
0.3666666666666667
0.4000000000000001
0.682051282051282
0.6666666666666666
0.811111111111111
0.7717948717948717
0.39316239316239315
0.7111111111111111
0.547008547008547
0.38888888888888884
0.8444444444444444
0.7888888888888889
0.13333333333333333
0.7666666666666666
0.3863247863247863
0.20512820512820515
0.38888888888888884
0.7495726495726496
0.9666666666666667
0.32222222222222224
0.5572649572649572
0.4666666666666666
0.8153846153846155
0.20341880341880345
0.36581196581196584
0.1794871794871795
0.10256410256410257
0.6675213675213675
0.6239316239316239
0.1794871794871795
0.7307692307692308
0.39145299145299145
0.26153846153846155
0.39829059829059826
0.0
0.688888888888889
0.13333333333333333
0.6641025641025641
0.411965811965812
0.36752136752136755
0.4649572649572649
0.7418803418803419
0.5299145299145299
0.5333333333333333
0.5452991452991452
0.46410256410256406
0.48034188034188036
0.3384615384615384
0.4461538461538462
0.11452991452991453
0.6974358974358975
0.5837606837606838
0.5777777777777778
0.6666666666666666
0.23931623931623933
0.2905982905982906
0.5299145299145299
0.45555555555555555
0.5641025641025641
0.24444444444444444
0.3974358974358974
0.4871794871794872
0.48888888888888893
0.3333333333333333
0.29914529914529914
0.5564102564102563
0.08888888888888889
0.46752136752136747
0.6888888888888888
0.1794871794871795
0.8222222222222223
0.4777777777777778
0.6452991452991453
0.888888888888889
0.6085470085470086
0.4085470085470086
0.7555555555555555
0.5008547008547009
0.7076923076923077
0.5803418803418804
0.39487179487179486
0.4743589743589744
0.611965811965812
0.5333333333333333
0.6854700854700856
0.4136752136752137
0.6273504273504273
0.5264957264957265
0.28034188034188035
0.4136752136752137
0.36923076923076925
0.9
0.6128205128205129
0.5752136752136752
0.6444444444444445
0.4393162393162393
0.7521367521367521
0.16666666666666666
0.43333333333333335
0.3128205128205128
0.5393162393162393
0.8196581196581197
0.8307692307692308
0.47521367521367525
0.7931623931623931
0.23076923076923075
0.3333333333333333
0.12820512820512822
0.35384615384615387
0.2752136752136752
0.5128205128205128
0.5974358974358974
0.08888888888888889
0.5333333333333333
0.3094017094017094
0.36068376068376073
0.5820512820512821
0.7111111111111111
0.3282051282051282
0.6085470085470085
0.7675213675213675
0.25811965811965815
0.4495726495726496
0.1794871794871795
0.6205128205128205
0.4726495726495726
0.711965811965812
0.15384615384615385
0.3666666666666667
0.4897435897435898
0.4854700854700855
0.7222222222222222
0.8666666666666667
0.8376068376068376
0.36923076923076925
0.23589743589743592
0.19145299145299144
0.4000000000000001
0.37094017094017095
0.6803418803418803
0.5786324786324787
0.4376068376068376
0.3384615384615384
0.4153846153846154
0.25555555555555554
0.31965811965811963
0.147008547008547
0.4136752136752137
0.1794871794871795
0.27777777777777773
0.3444444444444444
0.6017094017094017
0.9333333333333332
0.4051282051282052
0.6051282051282052
0.811111111111111
0.7606837606837606
0.7000000000000001
0.9555555555555556
0.782051282051282
0.4427350427350427
0.5418803418803418
0.7085470085470086
0.4863247863247863
0.7111111111111111
0.6487179487179486
0.22222222222222224
0.23589743589743592
0.13333333333333333
0.2837606837606838
0.6974358974358973
0.23076923076923075
0.08888888888888889
0.5931623931623932
0.6376068376068376
0.5247863247863248
0.5452991452991452
0.7239316239316239
0.6
0.7333333333333334
0.7085470085470086
0.17777777777777778
0.20512820512820515
0.36923076923076925
0.28034188034188035
0.2837606837606838
0.6829059829059828
0.7188034188034188
0.5982905982905983
0.8264957264957266
0.6863247863247864
0.23931623931623933
0.15384615384615385
0.23076923076923075
0.5931623931623932
0.7051282051282052
0.6205128205128205
0.7333333333333334
0.22735042735042735
0.47521367521367514
0.3111111111111111
0.19999999999999998
0.20512820512820515
0.5803418803418804
0.20512820512820515
0.47863247863247865
0.6307692307692309
0.23076923076923075
0.45384615384615384
0.47863247863247865
0.5529914529914529
0.2333333333333333
0.4914529914529915
0.1111111111111111
0.06666666666666667
0.4136752136752137
0.40170940170940167
0.4914529914529915
0.34529914529914535
0.764102564102564
0.34700854700854705
0.36837606837606834
0.34188034188034183
0.2170940170940171
0.7341880341880342
0.6418803418803418
0.5418803418803418
0.294017094017094
0.4051282051282052
0.37264957264957266
0.4153846153846154
0.23076923076923075
0.025641025641025644
0.47521367521367514
0.7111111111111111
0.7316239316239317
0.6786324786324786
0.4205128205128205
0.570940170940171
0.24444444444444444
0.3076923076923077
0.6410256410256411
0.2222222222222222
0.6666666666666666
0.4572649572649572
0.7965811965811965
0.10256410256410257
0.23076923076923075
0.044444444444444446
0.13333333333333333
0.4222222222222222
0.19999999999999998
0.5726495726495727
0.37094017094017095
0.4649572649572649
0.26153846153846155
0.35384615384615387
0.7709401709401709
0.652991452991453
0.23589743589743592
0.4564102564102564
0.26153846153846155
0.43076923076923074
0.46410256410256406
0.24444444444444444
0.6752136752136751
0.6
0.594017094017094
0.6666666666666666
0.34188034188034183
0.22222222222222224
0.48034188034188036
0.17777777777777778
0.7632478632478632
0.7333333333333334
0.4581196581196581
0.6743589743589743
0.42735042735042733
0.5982905982905983
0.3128205128205128
0.21367521367521367
0.5777777777777778
0.6222222222222222
0.7111111111111111
0.3247863247863248
0.025641025641025644
0.5
0.3666666666666667
0.4683760683760683
0.294017094017094
0.38888888888888884
0.23589743589743592
0.6376068376068376
0.3222222222222222
0.25641025641025644
0.10256410256410257
0.7999999999999999
0.34700854700854694
0.5760683760683761
0.7085470085470086
0.7418803418803419
0.4581196581196581
0.8555555555555555
0.5974358974358974
0.6247863247863248
0.4683760683760683
0.4666666666666666
0.9777777777777779
0.19999999999999998
0.2871794871794872
0.2222222222222222
0.9222222222222222
0.5495726495726495
0.8444444444444444
0.6025641025641026
0.641025641025641
0.4051282051282052
0.13333333333333333
0.2222222222222222
0.0
0.26495726495726496
0.4222222222222222
0.37606837606837606
0.7598290598290598
0.6358974358974359
0.570940170940171
0.9111111111111111
0.9
0.8008547008547008
0.6863247863247862
0.36410256410256414
0.35384615384615387
0.611111111111111
0.4666666666666666
0.5555555555555555
0.5111111111111111
0.23076923076923075
0.31965811965811963
0.4205128205128205
0.3444444444444444
0.6264957264957265
0.5273504273504274
0.38974358974358975
0.5487179487179487
0.5803418803418804
0.31965811965811963
0.7085470085470086
0.7162393162393162
0.35042735042735046
0.712820512820513
0.4188034188034188
0.5564102564102563
0.4205128205128205
0.4051282051282052
0.13333333333333333
0.2692307692307692
0.7888888888888889
0.9444444444444443
0.5931623931623932
0.652991452991453
0.8000000000000002
0.823931623931624
0.25811965811965815
0.5777777777777778
0.611965811965812
0.682051282051282
0.7452991452991453
0.6982905982905981
0.5683760683760684
0.6974358974358975
0.8264957264957266
0.7264957264957266
0.8264957264957266
0.19999999999999998
0.5042735042735043
0.8666666666666667
0.7418803418803419
0.8230769230769232
0.570940170940171
0.6666666666666666
0.5675213675213676
0.4085470085470086
0.6017094017094018
0.4564102564102564
0.5085470085470085
0.6666666666666666
0.8333333333333334
0.47521367521367514
0.29743589743589743
0.6888888888888888
0.35384615384615387
0.47179487179487184
0.08888888888888889
0.5675213675213676
0.6
0.5230769230769231
0.40170940170940167
0.6452991452991453
0.4239316239316239
0.34700854700854705
0.44700854700854703
0.5085470085470085
0.34188034188034183
0.10256410256410257
0.23931623931623933
0.36410256410256414
0.39829059829059826
0.15384615384615385
0.36410256410256414
0.24444444444444446
0.5196581196581197
0.4205128205128205
0.752991452991453
0.5786324786324787
0.5675213675213676
0.7000000000000001
0.35384615384615387
0.3427350427350427
0.0
0.22222222222222224
0.19999999999999998
0.36410256410256414
0.535042735042735
0.6042735042735043
0.5452991452991452
0.3247863247863248
0.5307692307692308
0.39999999999999997
0.5008547008547009
0.4495726495726496
0.8931623931623932
0.6495726495726496
0.3333333333333333
0.5538461538461539
0.4777777777777778
0.3444444444444444
0.4444444444444445
0.1794871794871795
0.4247863247863248
0.0
0.4564102564102564
0.4794871794871795
0.39658119658119656
0.08888888888888889
0.6974358974358975
0.15384615384615385
0.4376068376068376
0.6128205128205129
0.6316239316239316
0.7162393162393164
0.1794871794871795
0.5752136752136753
0.8632478632478633
0.8444444444444444
0.5418803418803418
0.7264957264957265
0.5572649572649572
0.4837606837606838
0.23589743589743592
0.7598290598290598
0.36410256410256414
0.3444444444444444
0.6564102564102564
0.0
0.5555555555555556
0.43076923076923074
0.8230769230769232
0.4564102564102564
0.6495726495726496
0.7111111111111111
0.7598290598290598
0.6974358974358975
0.45555555555555555
0.5521367521367521
0.5837606837606838
0.4341880341880342
0.4170940170940171
0.36068376068376073
0.3
0.3888888888888889
0.36153846153846153
0.7341880341880342
0.6239316239316239
0.5974358974358974
0.72991452991453
0.4871794871794872
0.3247863247863248
0.594017094017094
0.22222222222222224
0.13333333333333333
0.47521367521367525
0.10256410256410257
0.37264957264957266
0.22222222222222224
0.5384615384615384
0.8333333333333334
0.5538461538461539
0.3247863247863248
0.5307692307692308
0.10256410256410257
0.3128205128205128
0.3162393162393162
0.294017094017094
0.694871794871795
0.4581196581196581
0.4598290598290598
0.5076923076923077
0.8222222222222223
0.40940170940170945
0.4136752136752137
0.3829059829059829
0.635897435897436
0.4376068376068376
0.35555555555555557
0.8487179487179487
0.24444444444444446
0.25555555555555554
0.5564102564102563
0.4222222222222222
0.38888888888888884
0.3076923076923077
0.9444444444444443
0.8487179487179487
0.6666666666666666
0.4666666666666666
0.4136752136752137
0.19145299145299144
0.10256410256410257
0.0
0.36410256410256414
0.5803418803418804
0.3829059829059829
0.34700854700854694
0.5717948717948719
0.6529914529914529
0.47521367521367514
0.37948717948717947
0.0
0.4136752136752137
0.12820512820512822
0.5051282051282051
0.31965811965811963
0.5504273504273505
0.4777777777777778
0.6085470085470085
0.564957264957265
0.3111111111111111
0.15555555555555556
0.23589743589743592
0.7555555555555555
0.4666666666666666
0.5931623931623932
0.6
0.782051282051282
0.36410256410256414
0.9111111111111111
0.0
0.19999999999999998
0.26153846153846155
0.5136752136752136
0.13333333333333333
0.3444444444444444
0.5316239316239316
0.28205128205128205
0.0
0.7948717948717948
0.0
0.3384615384615384
0.5170940170940171
0.48888888888888893
0.38888888888888884
0.4666666666666666
0.46410256410256406
0.35042735042735046
0.35042735042735046
0.4914529914529915
0.6051282051282051
0.7410256410256411
0.40170940170940167
0.24273504273504276
0.2871794871794872
0.35384615384615387
0.3
0.635042735042735
0.3717948717948718
0.7444444444444445
0.6940170940170941
0.4692307692307692
0.7564102564102564
0.764102564102564
0.4495726495726496
0.7341880341880342
0.5555555555555555
0.37777777777777777
0.40170940170940167
0.35384615384615387
0.7051282051282052
0.3333333333333333
0.6495726495726496
0.6
0.5008547008547009
0.26666666666666666
0.9444444444444443
0.37606837606837606
0.5358974358974359
0.42735042735042733
0.6666666666666666
0.7111111111111111
0.47863247863247865
0.4205128205128205
0.5581196581196582
0.4358974358974359
0.3384615384615384
0.24444444444444444
0.452991452991453
0.5444444444444444
0.1111111111111111
0.335042735042735
0.6683760683760683
0.5897435897435898
0.6777777777777777
0.6692307692307692
0.6606837606837607
0.46410256410256406
0.26495726495726496
0.6717948717948717
0.39829059829059826
0.5128205128205128
0.7333333333333334
0.5076923076923077
0.6641025641025641
0.6196581196581197
0.7777777777777778
0.6666666666666666
0.4222222222222222
0.5777777777777778
0.6931623931623933
0.9188034188034188
0.3461538461538461
0.7051282051282052
0.5051282051282051
0.6427350427350427
0.7136752136752138
0.9444444444444443
0.7042735042735043
0.6
0.4358974358974359
0.7205128205128206
0.0
0.23076923076923075
0.4000000000000001
0.6717948717948717
0.10256410256410257
0.5418803418803418
